2016/4/21 0:00:00 .dat file Daily Record Subbasin  10 ArcSWAT 2012.10_2.16 interface
    
    
    
    
 DAY YEAR          FLOCNST          SEDCNST         ORGNCNST         ORGPCNST          NO3CNST          NH3CNST          NO2CNST         MINPCNST         CBODCNST        DISOXCNST         CHLACNST       SOLPSTCNST       SRBPSTCNST        BACTPCNST       BACTLPCNST        CMTL1CNST        CMTL2CNST        CMTL3CNST
   2 1998        1.121E+04        0.000E+00        0.000E+00        0.000E+00        0.000E+00        0.000E+00        0.000E+00        0.000E+00        0.000E+00        0.000E+00        0.000E+00        0.000E+00        0.000E+00        0.000E+00        0.000E+00        0.000E+00        0.000E+00        2.242E-01        0.000E+00        0.000E+00
   3 1998        1.121E+04        0.000E+00        0.000E+00        0.000E+00        0.000E+00        0.000E+00        0.000E+00        0.000E+00        0.000E+00        0.000E+00        0.000E+00        0.000E+00        0.000E+00        0.000E+00        0.000E+00        0.000E+00        0.000E+00        2.242E-01        0.000E+00        0.000E+00
   4 1998        1.121E+04        0.000E+00        0.000E+00        0.000E+00        0.000E+00        0.000E+00        0.000E+00        0.000E+00        0.000E+00        0.000E+00        0.000E+00        0.000E+00        0.000E+00        0.000E+00        0.000E+00        0.000E+00        0.000E+00        2.242E-01        0.000E+00        0.000E+00
   5 1998        1.121E+04        0.000E+00        0.000E+00        0.000E+00        0.000E+00        0.000E+00        0.000E+00        0.000E+00        0.000E+00        0.000E+00        0.000E+00        0.000E+00        0.000E+00        0.000E+00        0.000E+00        0.000E+00        0.000E+00        2.242E-01        0.000E+00        0.000E+00
   6 1998        1.121E+04        0.000E+00        0.000E+00        0.000E+00        0.000E+00        0.000E+00        0.000E+00        0.000E+00        0.000E+00        0.000E+00        0.000E+00        0.000E+00        0.000E+00        0.000E+00        0.000E+00        0.000E+00        0.000E+00        2.242E-01        0.000E+00        0.000E+00
   7 1998        1.121E+04        0.000E+00        0.000E+00        0.000E+00        0.000E+00        0.000E+00        0.000E+00        0.000E+00        0.000E+00        0.000E+00        0.000E+00        0.000E+00        0.000E+00        0.000E+00        0.000E+00        0.000E+00        0.000E+00        2.242E-01        0.000E+00        0.000E+00
   8 1998        1.121E+04        0.000E+00        0.000E+00        0.000E+00        0.000E+00        0.000E+00        0.000E+00        0.000E+00        0.000E+00        0.000E+00        0.000E+00        0.000E+00        0.000E+00        0.000E+00        0.000E+00        0.000E+00        0.000E+00        2.242E-01        0.000E+00        0.000E+00
   9 1998        1.121E+04        0.000E+00        0.000E+00        0.000E+00        0.000E+00        0.000E+00        0.000E+00        0.000E+00        0.000E+00        0.000E+00        0.000E+00        0.000E+00        0.000E+00        0.000E+00        0.000E+00        0.000E+00        0.000E+00        2.242E-01        0.000E+00        0.000E+00
  10 1998        1.121E+04        0.000E+00        0.000E+00        0.000E+00        0.000E+00        0.000E+00        0.000E+00        0.000E+00        0.000E+00        0.000E+00        0.000E+00        0.000E+00        0.000E+00        0.000E+00        0.000E+00        0.000E+00        0.000E+00        2.242E-01        0.000E+00        0.000E+00
  11 1998        1.121E+04        0.000E+00        0.000E+00        0.000E+00        0.000E+00        0.000E+00        0.000E+00        0.000E+00        0.000E+00        0.000E+00        0.000E+00        0.000E+00        0.000E+00        0.000E+00        0.000E+00        0.000E+00        0.000E+00        2.242E-01        0.000E+00        0.000E+00
  12 1998        1.121E+04        0.000E+00        0.000E+00        0.000E+00        0.000E+00        0.000E+00        0.000E+00        0.000E+00        0.000E+00        0.000E+00        0.000E+00        0.000E+00        0.000E+00        0.000E+00        0.000E+00        0.000E+00        0.000E+00        2.242E-01        0.000E+00        0.000E+00
  13 1998        1.121E+04        0.000E+00        0.000E+00        0.000E+00        0.000E+00        0.000E+00        0.000E+00        0.000E+00        0.000E+00        0.000E+00        0.000E+00        0.000E+00        0.000E+00        0.000E+00        0.000E+00        0.000E+00        0.000E+00        2.242E-01        0.000E+00        0.000E+00
  14 1998        1.121E+04        0.000E+00        0.000E+00        0.000E+00        0.000E+00        0.000E+00        0.000E+00        0.000E+00        0.000E+00        0.000E+00        0.000E+00        0.000E+00        0.000E+00        0.000E+00        0.000E+00        0.000E+00        0.000E+00        2.242E-01        0.000E+00        0.000E+00
  15 1998        1.121E+04        0.000E+00        0.000E+00        0.000E+00        0.000E+00        0.000E+00        0.000E+00        0.000E+00        0.000E+00        0.000E+00        0.000E+00        0.000E+00        0.000E+00        0.000E+00        0.000E+00        0.000E+00        0.000E+00        2.242E-01        0.000E+00        0.000E+00
  16 1998        1.121E+04        0.000E+00        0.000E+00        0.000E+00        0.000E+00        0.000E+00        0.000E+00        0.000E+00        0.000E+00        0.000E+00        0.000E+00        0.000E+00        0.000E+00        0.000E+00        0.000E+00        0.000E+00        0.000E+00        2.242E-01        0.000E+00        0.000E+00
  17 1998        1.121E+04        0.000E+00        0.000E+00        0.000E+00        0.000E+00        0.000E+00        0.000E+00        0.000E+00        0.000E+00        0.000E+00        0.000E+00        0.000E+00        0.000E+00        0.000E+00        0.000E+00        0.000E+00        0.000E+00        2.242E-01        0.000E+00        0.000E+00
  18 1998        1.121E+04        0.000E+00        0.000E+00        0.000E+00        0.000E+00        0.000E+00        0.000E+00        0.000E+00        0.000E+00        0.000E+00        0.000E+00        0.000E+00        0.000E+00        0.000E+00        0.000E+00        0.000E+00        0.000E+00        2.242E-01        0.000E+00        0.000E+00
  19 1998        1.121E+04        0.000E+00        0.000E+00        0.000E+00        0.000E+00        0.000E+00        0.000E+00        0.000E+00        0.000E+00        0.000E+00        0.000E+00        0.000E+00        0.000E+00        0.000E+00        0.000E+00        0.000E+00        0.000E+00        2.242E-01        0.000E+00        0.000E+00
  20 1998        1.121E+04        0.000E+00        0.000E+00        0.000E+00        0.000E+00        0.000E+00        0.000E+00        0.000E+00        0.000E+00        0.000E+00        0.000E+00        0.000E+00        0.000E+00        0.000E+00        0.000E+00        0.000E+00        0.000E+00        2.242E-01        0.000E+00        0.000E+00
  21 1998        1.121E+04        0.000E+00        0.000E+00        0.000E+00        0.000E+00        0.000E+00        0.000E+00        0.000E+00        0.000E+00        0.000E+00        0.000E+00        0.000E+00        0.000E+00        0.000E+00        0.000E+00        0.000E+00        0.000E+00        2.242E-01        0.000E+00        0.000E+00
  22 1998        1.121E+04        0.000E+00        0.000E+00        0.000E+00        0.000E+00        0.000E+00        0.000E+00        0.000E+00        0.000E+00        0.000E+00        0.000E+00        0.000E+00        0.000E+00        0.000E+00        0.000E+00        0.000E+00        0.000E+00        2.242E-01        0.000E+00        0.000E+00
  23 1998        1.121E+04        0.000E+00        0.000E+00        0.000E+00        0.000E+00        0.000E+00        0.000E+00        0.000E+00        0.000E+00        0.000E+00        0.000E+00        0.000E+00        0.000E+00        0.000E+00        0.000E+00        0.000E+00        0.000E+00        2.242E-01        0.000E+00        0.000E+00
  24 1998        1.121E+04        0.000E+00        0.000E+00        0.000E+00        0.000E+00        0.000E+00        0.000E+00        0.000E+00        0.000E+00        0.000E+00        0.000E+00        0.000E+00        0.000E+00        0.000E+00        0.000E+00        0.000E+00        0.000E+00        2.242E-01        0.000E+00        0.000E+00
  25 1998        1.121E+04        0.000E+00        0.000E+00        0.000E+00        0.000E+00        0.000E+00        0.000E+00        0.000E+00        0.000E+00        0.000E+00        0.000E+00        0.000E+00        0.000E+00        0.000E+00        0.000E+00        0.000E+00        0.000E+00        2.242E-01        0.000E+00        0.000E+00
  26 1998        1.121E+04        0.000E+00        0.000E+00        0.000E+00        0.000E+00        0.000E+00        0.000E+00        0.000E+00        0.000E+00        0.000E+00        0.000E+00        0.000E+00        0.000E+00        0.000E+00        0.000E+00        0.000E+00        0.000E+00        2.242E-01        0.000E+00        0.000E+00
  27 1998        1.121E+04        0.000E+00        0.000E+00        0.000E+00        0.000E+00        0.000E+00        0.000E+00        0.000E+00        0.000E+00        0.000E+00        0.000E+00        0.000E+00        0.000E+00        0.000E+00        0.000E+00        0.000E+00        0.000E+00        2.242E-01        0.000E+00        0.000E+00
  28 1998        1.121E+04        0.000E+00        0.000E+00        0.000E+00        0.000E+00        0.000E+00        0.000E+00        0.000E+00        0.000E+00        0.000E+00        0.000E+00        0.000E+00        0.000E+00        0.000E+00        0.000E+00        0.000E+00        0.000E+00        2.242E-01        0.000E+00        0.000E+00
  29 1998        1.121E+04        0.000E+00        0.000E+00        0.000E+00        0.000E+00        0.000E+00        0.000E+00        0.000E+00        0.000E+00        0.000E+00        0.000E+00        0.000E+00        0.000E+00        0.000E+00        0.000E+00        0.000E+00        0.000E+00        2.242E-01        0.000E+00        0.000E+00
  30 1998        1.121E+04        0.000E+00        0.000E+00        0.000E+00        0.000E+00        0.000E+00        0.000E+00        0.000E+00        0.000E+00        0.000E+00        0.000E+00        0.000E+00        0.000E+00        0.000E+00        0.000E+00        0.000E+00        0.000E+00        2.242E-01        0.000E+00        0.000E+00
  31 1998        1.121E+04        0.000E+00        0.000E+00        0.000E+00        0.000E+00        0.000E+00        0.000E+00        0.000E+00        0.000E+00        0.000E+00        0.000E+00        0.000E+00        0.000E+00        0.000E+00        0.000E+00        0.000E+00        0.000E+00        2.242E-01        0.000E+00        0.000E+00
  32 1998        1.328E+04        0.000E+00        0.000E+00        0.000E+00        0.000E+00        0.000E+00        0.000E+00        0.000E+00        0.000E+00        0.000E+00        0.000E+00        0.000E+00        0.000E+00        0.000E+00        0.000E+00        0.000E+00        0.000E+00        2.655E-01        0.000E+00        0.000E+00
  33 1998        1.328E+04        0.000E+00        0.000E+00        0.000E+00        0.000E+00        0.000E+00        0.000E+00        0.000E+00        0.000E+00        0.000E+00        0.000E+00        0.000E+00        0.000E+00        0.000E+00        0.000E+00        0.000E+00        0.000E+00        2.655E-01        0.000E+00        0.000E+00
  34 1998        1.328E+04        0.000E+00        0.000E+00        0.000E+00        0.000E+00        0.000E+00        0.000E+00        0.000E+00        0.000E+00        0.000E+00        0.000E+00        0.000E+00        0.000E+00        0.000E+00        0.000E+00        0.000E+00        0.000E+00        2.655E-01        0.000E+00        0.000E+00
  35 1998        1.328E+04        0.000E+00        0.000E+00        0.000E+00        0.000E+00        0.000E+00        0.000E+00        0.000E+00        0.000E+00        0.000E+00        0.000E+00        0.000E+00        0.000E+00        0.000E+00        0.000E+00        0.000E+00        0.000E+00        2.655E-01        0.000E+00        0.000E+00
  36 1998        1.328E+04        0.000E+00        0.000E+00        0.000E+00        0.000E+00        0.000E+00        0.000E+00        0.000E+00        0.000E+00        0.000E+00        0.000E+00        0.000E+00        0.000E+00        0.000E+00        0.000E+00        0.000E+00        0.000E+00        2.655E-01        0.000E+00        0.000E+00
  37 1998        1.328E+04        0.000E+00        0.000E+00        0.000E+00        0.000E+00        0.000E+00        0.000E+00        0.000E+00        0.000E+00        0.000E+00        0.000E+00        0.000E+00        0.000E+00        0.000E+00        0.000E+00        0.000E+00        0.000E+00        2.655E-01        0.000E+00        0.000E+00
  38 1998        1.328E+04        0.000E+00        0.000E+00        0.000E+00        0.000E+00        0.000E+00        0.000E+00        0.000E+00        0.000E+00        0.000E+00        0.000E+00        0.000E+00        0.000E+00        0.000E+00        0.000E+00        0.000E+00        0.000E+00        2.655E-01        0.000E+00        0.000E+00
  39 1998        1.328E+04        0.000E+00        0.000E+00        0.000E+00        0.000E+00        0.000E+00        0.000E+00        0.000E+00        0.000E+00        0.000E+00        0.000E+00        0.000E+00        0.000E+00        0.000E+00        0.000E+00        0.000E+00        0.000E+00        2.655E-01        0.000E+00        0.000E+00
  40 1998        1.328E+04        0.000E+00        0.000E+00        0.000E+00        0.000E+00        0.000E+00        0.000E+00        0.000E+00        0.000E+00        0.000E+00        0.000E+00        0.000E+00        0.000E+00        0.000E+00        0.000E+00        0.000E+00        0.000E+00        2.655E-01        0.000E+00        0.000E+00
  41 1998        1.328E+04        0.000E+00        0.000E+00        0.000E+00        0.000E+00        0.000E+00        0.000E+00        0.000E+00        0.000E+00        0.000E+00        0.000E+00        0.000E+00        0.000E+00        0.000E+00        0.000E+00        0.000E+00        0.000E+00        2.655E-01        0.000E+00        0.000E+00
  42 1998        1.328E+04        0.000E+00        0.000E+00        0.000E+00        0.000E+00        0.000E+00        0.000E+00        0.000E+00        0.000E+00        0.000E+00        0.000E+00        0.000E+00        0.000E+00        0.000E+00        0.000E+00        0.000E+00        0.000E+00        2.655E-01        0.000E+00        0.000E+00
  43 1998        1.328E+04        0.000E+00        0.000E+00        0.000E+00        0.000E+00        0.000E+00        0.000E+00        0.000E+00        0.000E+00        0.000E+00        0.000E+00        0.000E+00        0.000E+00        0.000E+00        0.000E+00        0.000E+00        0.000E+00        2.655E-01        0.000E+00        0.000E+00
  44 1998        1.328E+04        0.000E+00        0.000E+00        0.000E+00        0.000E+00        0.000E+00        0.000E+00        0.000E+00        0.000E+00        0.000E+00        0.000E+00        0.000E+00        0.000E+00        0.000E+00        0.000E+00        0.000E+00        0.000E+00        2.655E-01        0.000E+00        0.000E+00
  45 1998        1.328E+04        0.000E+00        0.000E+00        0.000E+00        0.000E+00        0.000E+00        0.000E+00        0.000E+00        0.000E+00        0.000E+00        0.000E+00        0.000E+00        0.000E+00        0.000E+00        0.000E+00        0.000E+00        0.000E+00        2.655E-01        0.000E+00        0.000E+00
  46 1998        1.328E+04        0.000E+00        0.000E+00        0.000E+00        0.000E+00        0.000E+00        0.000E+00        0.000E+00        0.000E+00        0.000E+00        0.000E+00        0.000E+00        0.000E+00        0.000E+00        0.000E+00        0.000E+00        0.000E+00        2.655E-01        0.000E+00        0.000E+00
  47 1998        1.328E+04        0.000E+00        0.000E+00        0.000E+00        0.000E+00        0.000E+00        0.000E+00        0.000E+00        0.000E+00        0.000E+00        0.000E+00        0.000E+00        0.000E+00        0.000E+00        0.000E+00        0.000E+00        0.000E+00        2.655E-01        0.000E+00        0.000E+00
  48 1998        1.328E+04        0.000E+00        0.000E+00        0.000E+00        0.000E+00        0.000E+00        0.000E+00        0.000E+00        0.000E+00        0.000E+00        0.000E+00        0.000E+00        0.000E+00        0.000E+00        0.000E+00        0.000E+00        0.000E+00        2.655E-01        0.000E+00        0.000E+00
  49 1998        1.328E+04        0.000E+00        0.000E+00        0.000E+00        0.000E+00        0.000E+00        0.000E+00        0.000E+00        0.000E+00        0.000E+00        0.000E+00        0.000E+00        0.000E+00        0.000E+00        0.000E+00        0.000E+00        0.000E+00        2.655E-01        0.000E+00        0.000E+00
  50 1998        1.328E+04        0.000E+00        0.000E+00        0.000E+00        0.000E+00        0.000E+00        0.000E+00        0.000E+00        0.000E+00        0.000E+00        0.000E+00        0.000E+00        0.000E+00        0.000E+00        0.000E+00        0.000E+00        0.000E+00        2.655E-01        0.000E+00        0.000E+00
  51 1998        1.328E+04        0.000E+00        0.000E+00        0.000E+00        0.000E+00        0.000E+00        0.000E+00        0.000E+00        0.000E+00        0.000E+00        0.000E+00        0.000E+00        0.000E+00        0.000E+00        0.000E+00        0.000E+00        0.000E+00        2.655E-01        0.000E+00        0.000E+00
  52 1998        1.328E+04        0.000E+00        0.000E+00        0.000E+00        0.000E+00        0.000E+00        0.000E+00        0.000E+00        0.000E+00        0.000E+00        0.000E+00        0.000E+00        0.000E+00        0.000E+00        0.000E+00        0.000E+00        0.000E+00        2.655E-01        0.000E+00        0.000E+00
  53 1998        1.328E+04        0.000E+00        0.000E+00        0.000E+00        0.000E+00        0.000E+00        0.000E+00        0.000E+00        0.000E+00        0.000E+00        0.000E+00        0.000E+00        0.000E+00        0.000E+00        0.000E+00        0.000E+00        0.000E+00        2.655E-01        0.000E+00        0.000E+00
  54 1998        1.328E+04        0.000E+00        0.000E+00        0.000E+00        0.000E+00        0.000E+00        0.000E+00        0.000E+00        0.000E+00        0.000E+00        0.000E+00        0.000E+00        0.000E+00        0.000E+00        0.000E+00        0.000E+00        0.000E+00        2.655E-01        0.000E+00        0.000E+00
  55 1998        1.328E+04        0.000E+00        0.000E+00        0.000E+00        0.000E+00        0.000E+00        0.000E+00        0.000E+00        0.000E+00        0.000E+00        0.000E+00        0.000E+00        0.000E+00        0.000E+00        0.000E+00        0.000E+00        0.000E+00        2.655E-01        0.000E+00        0.000E+00
  56 1998        1.328E+04        0.000E+00        0.000E+00        0.000E+00        0.000E+00        0.000E+00        0.000E+00        0.000E+00        0.000E+00        0.000E+00        0.000E+00        0.000E+00        0.000E+00        0.000E+00        0.000E+00        0.000E+00        0.000E+00        2.655E-01        0.000E+00        0.000E+00
  57 1998        1.328E+04        0.000E+00        0.000E+00        0.000E+00        0.000E+00        0.000E+00        0.000E+00        0.000E+00        0.000E+00        0.000E+00        0.000E+00        0.000E+00        0.000E+00        0.000E+00        0.000E+00        0.000E+00        0.000E+00        2.655E-01        0.000E+00        0.000E+00
  58 1998        1.328E+04        0.000E+00        0.000E+00        0.000E+00        0.000E+00        0.000E+00        0.000E+00        0.000E+00        0.000E+00        0.000E+00        0.000E+00        0.000E+00        0.000E+00        0.000E+00        0.000E+00        0.000E+00        0.000E+00        2.655E-01        0.000E+00        0.000E+00
  59 1998        1.328E+04        0.000E+00        0.000E+00        0.000E+00        0.000E+00        0.000E+00        0.000E+00        0.000E+00        0.000E+00        0.000E+00        0.000E+00        0.000E+00        0.000E+00        0.000E+00        0.000E+00        0.000E+00        0.000E+00        2.655E-01        0.000E+00        0.000E+00
  60 1998        1.369E+04        0.000E+00        0.000E+00        0.000E+00        0.000E+00        0.000E+00        0.000E+00        0.000E+00        0.000E+00        0.000E+00        0.000E+00        0.000E+00        0.000E+00        0.000E+00        0.000E+00        0.000E+00        0.000E+00        2.738E-01        0.000E+00        0.000E+00
  61 1998        1.369E+04        0.000E+00        0.000E+00        0.000E+00        0.000E+00        0.000E+00        0.000E+00        0.000E+00        0.000E+00        0.000E+00        0.000E+00        0.000E+00        0.000E+00        0.000E+00        0.000E+00        0.000E+00        0.000E+00        2.738E-01        0.000E+00        0.000E+00
  62 1998        1.369E+04        0.000E+00        0.000E+00        0.000E+00        0.000E+00        0.000E+00        0.000E+00        0.000E+00        0.000E+00        0.000E+00        0.000E+00        0.000E+00        0.000E+00        0.000E+00        0.000E+00        0.000E+00        0.000E+00        2.738E-01        0.000E+00        0.000E+00
  63 1998        1.369E+04        0.000E+00        0.000E+00        0.000E+00        0.000E+00        0.000E+00        0.000E+00        0.000E+00        0.000E+00        0.000E+00        0.000E+00        0.000E+00        0.000E+00        0.000E+00        0.000E+00        0.000E+00        0.000E+00        2.738E-01        0.000E+00        0.000E+00
  64 1998        1.369E+04        0.000E+00        0.000E+00        0.000E+00        0.000E+00        0.000E+00        0.000E+00        0.000E+00        0.000E+00        0.000E+00        0.000E+00        0.000E+00        0.000E+00        0.000E+00        0.000E+00        0.000E+00        0.000E+00        2.738E-01        0.000E+00        0.000E+00
  65 1998        1.369E+04        0.000E+00        0.000E+00        0.000E+00        0.000E+00        0.000E+00        0.000E+00        0.000E+00        0.000E+00        0.000E+00        0.000E+00        0.000E+00        0.000E+00        0.000E+00        0.000E+00        0.000E+00        0.000E+00        2.738E-01        0.000E+00        0.000E+00
  66 1998        1.369E+04        0.000E+00        0.000E+00        0.000E+00        0.000E+00        0.000E+00        0.000E+00        0.000E+00        0.000E+00        0.000E+00        0.000E+00        0.000E+00        0.000E+00        0.000E+00        0.000E+00        0.000E+00        0.000E+00        2.738E-01        0.000E+00        0.000E+00
  67 1998        1.369E+04        0.000E+00        0.000E+00        0.000E+00        0.000E+00        0.000E+00        0.000E+00        0.000E+00        0.000E+00        0.000E+00        0.000E+00        0.000E+00        0.000E+00        0.000E+00        0.000E+00        0.000E+00        0.000E+00        2.738E-01        0.000E+00        0.000E+00
  68 1998        1.369E+04        0.000E+00        0.000E+00        0.000E+00        0.000E+00        0.000E+00        0.000E+00        0.000E+00        0.000E+00        0.000E+00        0.000E+00        0.000E+00        0.000E+00        0.000E+00        0.000E+00        0.000E+00        0.000E+00        2.738E-01        0.000E+00        0.000E+00
  69 1998        1.369E+04        0.000E+00        0.000E+00        0.000E+00        0.000E+00        0.000E+00        0.000E+00        0.000E+00        0.000E+00        0.000E+00        0.000E+00        0.000E+00        0.000E+00        0.000E+00        0.000E+00        0.000E+00        0.000E+00        2.738E-01        0.000E+00        0.000E+00
  70 1998        1.369E+04        0.000E+00        0.000E+00        0.000E+00        0.000E+00        0.000E+00        0.000E+00        0.000E+00        0.000E+00        0.000E+00        0.000E+00        0.000E+00        0.000E+00        0.000E+00        0.000E+00        0.000E+00        0.000E+00        2.738E-01        0.000E+00        0.000E+00
  71 1998        1.369E+04        0.000E+00        0.000E+00        0.000E+00        0.000E+00        0.000E+00        0.000E+00        0.000E+00        0.000E+00        0.000E+00        0.000E+00        0.000E+00        0.000E+00        0.000E+00        0.000E+00        0.000E+00        0.000E+00        2.738E-01        0.000E+00        0.000E+00
  72 1998        1.369E+04        0.000E+00        0.000E+00        0.000E+00        0.000E+00        0.000E+00        0.000E+00        0.000E+00        0.000E+00        0.000E+00        0.000E+00        0.000E+00        0.000E+00        0.000E+00        0.000E+00        0.000E+00        0.000E+00        2.738E-01        0.000E+00        0.000E+00
  73 1998        1.369E+04        0.000E+00        0.000E+00        0.000E+00        0.000E+00        0.000E+00        0.000E+00        0.000E+00        0.000E+00        0.000E+00        0.000E+00        0.000E+00        0.000E+00        0.000E+00        0.000E+00        0.000E+00        0.000E+00        2.738E-01        0.000E+00        0.000E+00
  74 1998        1.369E+04        0.000E+00        0.000E+00        0.000E+00        0.000E+00        0.000E+00        0.000E+00        0.000E+00        0.000E+00        0.000E+00        0.000E+00        0.000E+00        0.000E+00        0.000E+00        0.000E+00        0.000E+00        0.000E+00        2.738E-01        0.000E+00        0.000E+00
  75 1998        1.369E+04        0.000E+00        0.000E+00        0.000E+00        0.000E+00        0.000E+00        0.000E+00        0.000E+00        0.000E+00        0.000E+00        0.000E+00        0.000E+00        0.000E+00        0.000E+00        0.000E+00        0.000E+00        0.000E+00        2.738E-01        0.000E+00        0.000E+00
  76 1998        1.369E+04        0.000E+00        0.000E+00        0.000E+00        0.000E+00        0.000E+00        0.000E+00        0.000E+00        0.000E+00        0.000E+00        0.000E+00        0.000E+00        0.000E+00        0.000E+00        0.000E+00        0.000E+00        0.000E+00        2.738E-01        0.000E+00        0.000E+00
  77 1998        1.369E+04        0.000E+00        0.000E+00        0.000E+00        0.000E+00        0.000E+00        0.000E+00        0.000E+00        0.000E+00        0.000E+00        0.000E+00        0.000E+00        0.000E+00        0.000E+00        0.000E+00        0.000E+00        0.000E+00        2.738E-01        0.000E+00        0.000E+00
  78 1998        1.369E+04        0.000E+00        0.000E+00        0.000E+00        0.000E+00        0.000E+00        0.000E+00        0.000E+00        0.000E+00        0.000E+00        0.000E+00        0.000E+00        0.000E+00        0.000E+00        0.000E+00        0.000E+00        0.000E+00        2.738E-01        0.000E+00        0.000E+00
  79 1998        1.369E+04        0.000E+00        0.000E+00        0.000E+00        0.000E+00        0.000E+00        0.000E+00        0.000E+00        0.000E+00        0.000E+00        0.000E+00        0.000E+00        0.000E+00        0.000E+00        0.000E+00        0.000E+00        0.000E+00        2.738E-01        0.000E+00        0.000E+00
  80 1998        1.369E+04        0.000E+00        0.000E+00        0.000E+00        0.000E+00        0.000E+00        0.000E+00        0.000E+00        0.000E+00        0.000E+00        0.000E+00        0.000E+00        0.000E+00        0.000E+00        0.000E+00        0.000E+00        0.000E+00        2.738E-01        0.000E+00        0.000E+00
  81 1998        1.369E+04        0.000E+00        0.000E+00        0.000E+00        0.000E+00        0.000E+00        0.000E+00        0.000E+00        0.000E+00        0.000E+00        0.000E+00        0.000E+00        0.000E+00        0.000E+00        0.000E+00        0.000E+00        0.000E+00        2.738E-01        0.000E+00        0.000E+00
  82 1998        1.369E+04        0.000E+00        0.000E+00        0.000E+00        0.000E+00        0.000E+00        0.000E+00        0.000E+00        0.000E+00        0.000E+00        0.000E+00        0.000E+00        0.000E+00        0.000E+00        0.000E+00        0.000E+00        0.000E+00        2.738E-01        0.000E+00        0.000E+00
  83 1998        1.369E+04        0.000E+00        0.000E+00        0.000E+00        0.000E+00        0.000E+00        0.000E+00        0.000E+00        0.000E+00        0.000E+00        0.000E+00        0.000E+00        0.000E+00        0.000E+00        0.000E+00        0.000E+00        0.000E+00        2.738E-01        0.000E+00        0.000E+00
  84 1998        1.369E+04        0.000E+00        0.000E+00        0.000E+00        0.000E+00        0.000E+00        0.000E+00        0.000E+00        0.000E+00        0.000E+00        0.000E+00        0.000E+00        0.000E+00        0.000E+00        0.000E+00        0.000E+00        0.000E+00        2.738E-01        0.000E+00        0.000E+00
  85 1998        1.369E+04        0.000E+00        0.000E+00        0.000E+00        0.000E+00        0.000E+00        0.000E+00        0.000E+00        0.000E+00        0.000E+00        0.000E+00        0.000E+00        0.000E+00        0.000E+00        0.000E+00        0.000E+00        0.000E+00        2.738E-01        0.000E+00        0.000E+00
  86 1998        1.369E+04        0.000E+00        0.000E+00        0.000E+00        0.000E+00        0.000E+00        0.000E+00        0.000E+00        0.000E+00        0.000E+00        0.000E+00        0.000E+00        0.000E+00        0.000E+00        0.000E+00        0.000E+00        0.000E+00        2.738E-01        0.000E+00        0.000E+00
  87 1998        1.369E+04        0.000E+00        0.000E+00        0.000E+00        0.000E+00        0.000E+00        0.000E+00        0.000E+00        0.000E+00        0.000E+00        0.000E+00        0.000E+00        0.000E+00        0.000E+00        0.000E+00        0.000E+00        0.000E+00        2.738E-01        0.000E+00        0.000E+00
  88 1998        1.369E+04        0.000E+00        0.000E+00        0.000E+00        0.000E+00        0.000E+00        0.000E+00        0.000E+00        0.000E+00        0.000E+00        0.000E+00        0.000E+00        0.000E+00        0.000E+00        0.000E+00        0.000E+00        0.000E+00        2.738E-01        0.000E+00        0.000E+00
  89 1998        1.369E+04        0.000E+00        0.000E+00        0.000E+00        0.000E+00        0.000E+00        0.000E+00        0.000E+00        0.000E+00        0.000E+00        0.000E+00        0.000E+00        0.000E+00        0.000E+00        0.000E+00        0.000E+00        0.000E+00        2.738E-01        0.000E+00        0.000E+00
  90 1998        1.369E+04        0.000E+00        0.000E+00        0.000E+00        0.000E+00        0.000E+00        0.000E+00        0.000E+00        0.000E+00        0.000E+00        0.000E+00        0.000E+00        0.000E+00        0.000E+00        0.000E+00        0.000E+00        0.000E+00        2.738E-01        0.000E+00        0.000E+00
  91 1998        1.490E+04        0.000E+00        0.000E+00        0.000E+00        0.000E+00        0.000E+00        0.000E+00        0.000E+00        0.000E+00        0.000E+00        0.000E+00        0.000E+00        0.000E+00        0.000E+00        0.000E+00        0.000E+00        0.000E+00        2.981E-01        0.000E+00        0.000E+00
  92 1998        1.490E+04        0.000E+00        0.000E+00        0.000E+00        0.000E+00        0.000E+00        0.000E+00        0.000E+00        0.000E+00        0.000E+00        0.000E+00        0.000E+00        0.000E+00        0.000E+00        0.000E+00        0.000E+00        0.000E+00        2.981E-01        0.000E+00        0.000E+00
  93 1998        1.490E+04        0.000E+00        0.000E+00        0.000E+00        0.000E+00        0.000E+00        0.000E+00        0.000E+00        0.000E+00        0.000E+00        0.000E+00        0.000E+00        0.000E+00        0.000E+00        0.000E+00        0.000E+00        0.000E+00        2.981E-01        0.000E+00        0.000E+00
  94 1998        1.490E+04        0.000E+00        0.000E+00        0.000E+00        0.000E+00        0.000E+00        0.000E+00        0.000E+00        0.000E+00        0.000E+00        0.000E+00        0.000E+00        0.000E+00        0.000E+00        0.000E+00        0.000E+00        0.000E+00        2.981E-01        0.000E+00        0.000E+00
  95 1998        1.490E+04        0.000E+00        0.000E+00        0.000E+00        0.000E+00        0.000E+00        0.000E+00        0.000E+00        0.000E+00        0.000E+00        0.000E+00        0.000E+00        0.000E+00        0.000E+00        0.000E+00        0.000E+00        0.000E+00        2.981E-01        0.000E+00        0.000E+00
  96 1998        1.490E+04        0.000E+00        0.000E+00        0.000E+00        0.000E+00        0.000E+00        0.000E+00        0.000E+00        0.000E+00        0.000E+00        0.000E+00        0.000E+00        0.000E+00        0.000E+00        0.000E+00        0.000E+00        0.000E+00        2.981E-01        0.000E+00        0.000E+00
  97 1998        1.490E+04        0.000E+00        0.000E+00        0.000E+00        0.000E+00        0.000E+00        0.000E+00        0.000E+00        0.000E+00        0.000E+00        0.000E+00        0.000E+00        0.000E+00        0.000E+00        0.000E+00        0.000E+00        0.000E+00        2.981E-01        0.000E+00        0.000E+00
  98 1998        1.490E+04        0.000E+00        0.000E+00        0.000E+00        0.000E+00        0.000E+00        0.000E+00        0.000E+00        0.000E+00        0.000E+00        0.000E+00        0.000E+00        0.000E+00        0.000E+00        0.000E+00        0.000E+00        0.000E+00        2.981E-01        0.000E+00        0.000E+00
  99 1998        1.490E+04        0.000E+00        0.000E+00        0.000E+00        0.000E+00        0.000E+00        0.000E+00        0.000E+00        0.000E+00        0.000E+00        0.000E+00        0.000E+00        0.000E+00        0.000E+00        0.000E+00        0.000E+00        0.000E+00        2.981E-01        0.000E+00        0.000E+00
 100 1998        1.490E+04        0.000E+00        0.000E+00        0.000E+00        0.000E+00        0.000E+00        0.000E+00        0.000E+00        0.000E+00        0.000E+00        0.000E+00        0.000E+00        0.000E+00        0.000E+00        0.000E+00        0.000E+00        0.000E+00        2.981E-01        0.000E+00        0.000E+00
 101 1998        1.490E+04        0.000E+00        0.000E+00        0.000E+00        0.000E+00        0.000E+00        0.000E+00        0.000E+00        0.000E+00        0.000E+00        0.000E+00        0.000E+00        0.000E+00        0.000E+00        0.000E+00        0.000E+00        0.000E+00        2.981E-01        0.000E+00        0.000E+00
 102 1998        1.490E+04        0.000E+00        0.000E+00        0.000E+00        0.000E+00        0.000E+00        0.000E+00        0.000E+00        0.000E+00        0.000E+00        0.000E+00        0.000E+00        0.000E+00        0.000E+00        0.000E+00        0.000E+00        0.000E+00        2.981E-01        0.000E+00        0.000E+00
 103 1998        1.490E+04        0.000E+00        0.000E+00        0.000E+00        0.000E+00        0.000E+00        0.000E+00        0.000E+00        0.000E+00        0.000E+00        0.000E+00        0.000E+00        0.000E+00        0.000E+00        0.000E+00        0.000E+00        0.000E+00        2.981E-01        0.000E+00        0.000E+00
 104 1998        1.490E+04        0.000E+00        0.000E+00        0.000E+00        0.000E+00        0.000E+00        0.000E+00        0.000E+00        0.000E+00        0.000E+00        0.000E+00        0.000E+00        0.000E+00        0.000E+00        0.000E+00        0.000E+00        0.000E+00        2.981E-01        0.000E+00        0.000E+00
 105 1998        1.490E+04        0.000E+00        0.000E+00        0.000E+00        0.000E+00        0.000E+00        0.000E+00        0.000E+00        0.000E+00        0.000E+00        0.000E+00        0.000E+00        0.000E+00        0.000E+00        0.000E+00        0.000E+00        0.000E+00        2.981E-01        0.000E+00        0.000E+00
 106 1998        1.490E+04        0.000E+00        0.000E+00        0.000E+00        0.000E+00        0.000E+00        0.000E+00        0.000E+00        0.000E+00        0.000E+00        0.000E+00        0.000E+00        0.000E+00        0.000E+00        0.000E+00        0.000E+00        0.000E+00        2.981E-01        0.000E+00        0.000E+00
 107 1998        1.490E+04        0.000E+00        0.000E+00        0.000E+00        0.000E+00        0.000E+00        0.000E+00        0.000E+00        0.000E+00        0.000E+00        0.000E+00        0.000E+00        0.000E+00        0.000E+00        0.000E+00        0.000E+00        0.000E+00        2.981E-01        0.000E+00        0.000E+00
 108 1998        1.490E+04        0.000E+00        0.000E+00        0.000E+00        0.000E+00        0.000E+00        0.000E+00        0.000E+00        0.000E+00        0.000E+00        0.000E+00        0.000E+00        0.000E+00        0.000E+00        0.000E+00        0.000E+00        0.000E+00        2.981E-01        0.000E+00        0.000E+00
 109 1998        1.490E+04        0.000E+00        0.000E+00        0.000E+00        0.000E+00        0.000E+00        0.000E+00        0.000E+00        0.000E+00        0.000E+00        0.000E+00        0.000E+00        0.000E+00        0.000E+00        0.000E+00        0.000E+00        0.000E+00        2.981E-01        0.000E+00        0.000E+00
 110 1998        1.490E+04        0.000E+00        0.000E+00        0.000E+00        0.000E+00        0.000E+00        0.000E+00        0.000E+00        0.000E+00        0.000E+00        0.000E+00        0.000E+00        0.000E+00        0.000E+00        0.000E+00        0.000E+00        0.000E+00        2.981E-01        0.000E+00        0.000E+00
 111 1998        1.490E+04        0.000E+00        0.000E+00        0.000E+00        0.000E+00        0.000E+00        0.000E+00        0.000E+00        0.000E+00        0.000E+00        0.000E+00        0.000E+00        0.000E+00        0.000E+00        0.000E+00        0.000E+00        0.000E+00        2.981E-01        0.000E+00        0.000E+00
 112 1998        1.490E+04        0.000E+00        0.000E+00        0.000E+00        0.000E+00        0.000E+00        0.000E+00        0.000E+00        0.000E+00        0.000E+00        0.000E+00        0.000E+00        0.000E+00        0.000E+00        0.000E+00        0.000E+00        0.000E+00        2.981E-01        0.000E+00        0.000E+00
 113 1998        1.490E+04        0.000E+00        0.000E+00        0.000E+00        0.000E+00        0.000E+00        0.000E+00        0.000E+00        0.000E+00        0.000E+00        0.000E+00        0.000E+00        0.000E+00        0.000E+00        0.000E+00        0.000E+00        0.000E+00        2.981E-01        0.000E+00        0.000E+00
 114 1998        1.490E+04        0.000E+00        0.000E+00        0.000E+00        0.000E+00        0.000E+00        0.000E+00        0.000E+00        0.000E+00        0.000E+00        0.000E+00        0.000E+00        0.000E+00        0.000E+00        0.000E+00        0.000E+00        0.000E+00        2.981E-01        0.000E+00        0.000E+00
 115 1998        1.490E+04        0.000E+00        0.000E+00        0.000E+00        0.000E+00        0.000E+00        0.000E+00        0.000E+00        0.000E+00        0.000E+00        0.000E+00        0.000E+00        0.000E+00        0.000E+00        0.000E+00        0.000E+00        0.000E+00        2.981E-01        0.000E+00        0.000E+00
 116 1998        1.490E+04        0.000E+00        0.000E+00        0.000E+00        0.000E+00        0.000E+00        0.000E+00        0.000E+00        0.000E+00        0.000E+00        0.000E+00        0.000E+00        0.000E+00        0.000E+00        0.000E+00        0.000E+00        0.000E+00        2.981E-01        0.000E+00        0.000E+00
 117 1998        1.490E+04        0.000E+00        0.000E+00        0.000E+00        0.000E+00        0.000E+00        0.000E+00        0.000E+00        0.000E+00        0.000E+00        0.000E+00        0.000E+00        0.000E+00        0.000E+00        0.000E+00        0.000E+00        0.000E+00        2.981E-01        0.000E+00        0.000E+00
 118 1998        1.490E+04        0.000E+00        0.000E+00        0.000E+00        0.000E+00        0.000E+00        0.000E+00        0.000E+00        0.000E+00        0.000E+00        0.000E+00        0.000E+00        0.000E+00        0.000E+00        0.000E+00        0.000E+00        0.000E+00        2.981E-01        0.000E+00        0.000E+00
 119 1998        1.490E+04        0.000E+00        0.000E+00        0.000E+00        0.000E+00        0.000E+00        0.000E+00        0.000E+00        0.000E+00        0.000E+00        0.000E+00        0.000E+00        0.000E+00        0.000E+00        0.000E+00        0.000E+00        0.000E+00        2.981E-01        0.000E+00        0.000E+00
 120 1998        1.490E+04        0.000E+00        0.000E+00        0.000E+00        0.000E+00        0.000E+00        0.000E+00        0.000E+00        0.000E+00        0.000E+00        0.000E+00        0.000E+00        0.000E+00        0.000E+00        0.000E+00        0.000E+00        0.000E+00        2.981E-01        0.000E+00        0.000E+00
 121 1998        1.435E+04        0.000E+00        0.000E+00        0.000E+00        0.000E+00        0.000E+00        0.000E+00        0.000E+00        0.000E+00        0.000E+00        0.000E+00        0.000E+00        0.000E+00        0.000E+00        0.000E+00        0.000E+00        0.000E+00        2.869E-01        0.000E+00        0.000E+00
 122 1998        1.435E+04        0.000E+00        0.000E+00        0.000E+00        0.000E+00        0.000E+00        0.000E+00        0.000E+00        0.000E+00        0.000E+00        0.000E+00        0.000E+00        0.000E+00        0.000E+00        0.000E+00        0.000E+00        0.000E+00        2.869E-01        0.000E+00        0.000E+00
 123 1998        1.435E+04        0.000E+00        0.000E+00        0.000E+00        0.000E+00        0.000E+00        0.000E+00        0.000E+00        0.000E+00        0.000E+00        0.000E+00        0.000E+00        0.000E+00        0.000E+00        0.000E+00        0.000E+00        0.000E+00        2.869E-01        0.000E+00        0.000E+00
 124 1998        1.435E+04        0.000E+00        0.000E+00        0.000E+00        0.000E+00        0.000E+00        0.000E+00        0.000E+00        0.000E+00        0.000E+00        0.000E+00        0.000E+00        0.000E+00        0.000E+00        0.000E+00        0.000E+00        0.000E+00        2.869E-01        0.000E+00        0.000E+00
 125 1998        1.435E+04        0.000E+00        0.000E+00        0.000E+00        0.000E+00        0.000E+00        0.000E+00        0.000E+00        0.000E+00        0.000E+00        0.000E+00        0.000E+00        0.000E+00        0.000E+00        0.000E+00        0.000E+00        0.000E+00        2.869E-01        0.000E+00        0.000E+00
 126 1998        1.435E+04        0.000E+00        0.000E+00        0.000E+00        0.000E+00        0.000E+00        0.000E+00        0.000E+00        0.000E+00        0.000E+00        0.000E+00        0.000E+00        0.000E+00        0.000E+00        0.000E+00        0.000E+00        0.000E+00        2.869E-01        0.000E+00        0.000E+00
 127 1998        1.435E+04        0.000E+00        0.000E+00        0.000E+00        0.000E+00        0.000E+00        0.000E+00        0.000E+00        0.000E+00        0.000E+00        0.000E+00        0.000E+00        0.000E+00        0.000E+00        0.000E+00        0.000E+00        0.000E+00        2.869E-01        0.000E+00        0.000E+00
 128 1998        1.435E+04        0.000E+00        0.000E+00        0.000E+00        0.000E+00        0.000E+00        0.000E+00        0.000E+00        0.000E+00        0.000E+00        0.000E+00        0.000E+00        0.000E+00        0.000E+00        0.000E+00        0.000E+00        0.000E+00        2.869E-01        0.000E+00        0.000E+00
 129 1998        1.435E+04        0.000E+00        0.000E+00        0.000E+00        0.000E+00        0.000E+00        0.000E+00        0.000E+00        0.000E+00        0.000E+00        0.000E+00        0.000E+00        0.000E+00        0.000E+00        0.000E+00        0.000E+00        0.000E+00        2.869E-01        0.000E+00        0.000E+00
 130 1998        1.435E+04        0.000E+00        0.000E+00        0.000E+00        0.000E+00        0.000E+00        0.000E+00        0.000E+00        0.000E+00        0.000E+00        0.000E+00        0.000E+00        0.000E+00        0.000E+00        0.000E+00        0.000E+00        0.000E+00        2.869E-01        0.000E+00        0.000E+00
 131 1998        1.435E+04        0.000E+00        0.000E+00        0.000E+00        0.000E+00        0.000E+00        0.000E+00        0.000E+00        0.000E+00        0.000E+00        0.000E+00        0.000E+00        0.000E+00        0.000E+00        0.000E+00        0.000E+00        0.000E+00        2.869E-01        0.000E+00        0.000E+00
 132 1998        1.435E+04        0.000E+00        0.000E+00        0.000E+00        0.000E+00        0.000E+00        0.000E+00        0.000E+00        0.000E+00        0.000E+00        0.000E+00        0.000E+00        0.000E+00        0.000E+00        0.000E+00        0.000E+00        0.000E+00        2.869E-01        0.000E+00        0.000E+00
 133 1998        1.435E+04        0.000E+00        0.000E+00        0.000E+00        0.000E+00        0.000E+00        0.000E+00        0.000E+00        0.000E+00        0.000E+00        0.000E+00        0.000E+00        0.000E+00        0.000E+00        0.000E+00        0.000E+00        0.000E+00        2.869E-01        0.000E+00        0.000E+00
 134 1998        1.435E+04        0.000E+00        0.000E+00        0.000E+00        0.000E+00        0.000E+00        0.000E+00        0.000E+00        0.000E+00        0.000E+00        0.000E+00        0.000E+00        0.000E+00        0.000E+00        0.000E+00        0.000E+00        0.000E+00        2.869E-01        0.000E+00        0.000E+00
 135 1998        1.435E+04        0.000E+00        0.000E+00        0.000E+00        0.000E+00        0.000E+00        0.000E+00        0.000E+00        0.000E+00        0.000E+00        0.000E+00        0.000E+00        0.000E+00        0.000E+00        0.000E+00        0.000E+00        0.000E+00        2.869E-01        0.000E+00        0.000E+00
