General Input/Output section (file.cio):                                        
2020/9/9 0:00:00 ARCGIS-SWAT interface AV                                       
                                                                                


 Year  Day Step  FLOWm^3/s    SEDmg/L   ORGNmg/L   ORGPmg/L    NO3mg/L    NH3mg/L    NO2mg/L   MINPmg/L   CBODmg/L  DISOXmg/L   CHLAug/L SOLPSTmg/L SORPSTmg/L  BACTPct/L BACTLPct/LCMETAL1mg/LCMETAL2mg/LCMETAL3mg/L   TEMPdegC
 2010    1      0  0.000E+00  0.000E+00  0.000E+00  0.000E+00  0.000E+00  0.000E+00  0.000E+00  0.000E+00  0.000E+00  0.000E+00  0.000E+00  0.000E+00  0.000E+00  0.000E+00  0.000E+00  0.000E+00  0.000E+00  0.000E+00  0.000E+00
 2010    2      0  0.000E+00  0.000E+00  0.000E+00  0.000E+00  0.000E+00  0.000E+00  0.000E+00  0.000E+00  0.000E+00  0.000E+00  0.000E+00  0.000E+00  0.000E+00  0.000E+00  0.000E+00  0.000E+00  0.000E+00  0.000E+00  0.000E+00
 2010    3      0  0.000E+00  0.000E+00  0.000E+00  0.000E+00  0.000E+00  0.000E+00  0.000E+00  0.000E+00  0.000E+00  0.000E+00  0.000E+00  0.000E+00  0.000E+00  0.000E+00  0.000E+00  0.000E+00  0.000E+00  0.000E+00  0.000E+00
 2010    4      0  0.000E+00  0.000E+00  0.000E+00  0.000E+00  0.000E+00  0.000E+00  0.000E+00  0.000E+00  0.000E+00  0.000E+00  0.000E+00  0.000E+00  0.000E+00  0.000E+00  0.000E+00  0.000E+00  0.000E+00  0.000E+00  0.000E+00
 2010    5      0  0.239E+02  0.170E+06  0.945E+02  0.122E+02  0.153E+01  0.363E+02  0.501E+00  0.936E+01  0.815E+02  0.909E-01  0.222E+00  0.000E+00  0.000E+00  0.000E+00  0.000E+00  0.000E+00  0.000E+00  0.000E+00  0.575E+01
 2010    6      0  0.160E+01  0.640E+06  0.222E+03  0.588E+00  0.312E+02  0.216E+03  0.387E+02  0.203E+01  0.225E+00  0.881E+00  0.000E+00  0.000E+00  0.000E+00  0.000E+00  0.000E+00  0.000E+00  0.000E+00  0.000E+00  0.519E+01
 2010    7      0  0.630E+01  0.300E+06  0.862E+02  0.302E+01  0.932E+01  0.850E+02  0.127E+02  0.782E+00  0.114E+03  0.892E-01  0.000E+00  0.000E+00  0.000E+00  0.000E+00  0.000E+00  0.000E+00  0.000E+00  0.000E+00  0.646E+01
 2010    8      0  0.221E+01  0.714E+06  0.198E+03  0.580E+00  0.300E+02  0.237E+03  0.421E+02  0.594E+00  0.104E+02  0.271E+00  0.000E+00  0.000E+00  0.000E+00  0.000E+00  0.000E+00  0.000E+00  0.000E+00  0.000E+00  0.703E+01
 2010    9      0  0.359E+02  0.145E+06  0.755E+02  0.102E+02  0.149E+01  0.307E+02  0.118E+01  0.608E+01  0.219E+03  0.891E-01  0.283E+02  0.000E+00  0.000E+00  0.000E+00  0.000E+00  0.000E+00  0.000E+00  0.000E+00  0.852E+01
 2010   10      0  0.593E+01  0.422E+06  0.127E+03  0.843E+00  0.201E+02  0.697E+02  0.157E+02  0.999E+00  0.214E+00  0.178E+01  0.000E+00  0.000E+00  0.000E+00  0.000E+00  0.000E+00  0.000E+00  0.000E+00  0.000E+00  0.676E+01
 2010   11      0  0.445E+01  0.496E+06  0.148E+03  0.113E+00  0.242E+02  0.874E+02  0.191E+02  0.124E+00  0.336E-01  0.137E+01  0.000E+00  0.000E+00  0.000E+00  0.000E+00  0.000E+00  0.000E+00  0.000E+00  0.000E+00  0.582E+01
 2010   12      0  0.397E+01  0.569E+06  0.154E+03  0.244E-01  0.285E+02  0.102E+03  0.235E+02  0.314E-01  0.293E-02  0.598E+00  0.000E+00  0.000E+00  0.000E+00  0.000E+00  0.000E+00  0.000E+00  0.000E+00  0.000E+00  0.684E+01
 2010   13      0  0.344E+01  0.621E+06  0.155E+03  0.714E-02  0.315E+02  0.119E+03  0.277E+02  0.120E-01  0.505E-03  0.600E+00  0.000E+00  0.000E+00  0.000E+00  0.000E+00  0.000E+00  0.000E+00  0.000E+00  0.000E+00  0.789E+01
 2010   14      0  0.307E+01  0.669E+06  0.145E+03  0.240E-02  0.310E+02  0.141E+03  0.319E+02  0.680E-02  0.498E-04  0.112E+01  0.000E+00  0.000E+00  0.000E+00  0.000E+00  0.000E+00  0.000E+00  0.000E+00  0.000E+00  0.103E+02
 2010   15      0  0.345E+01  0.633E+06  0.153E+03  0.620E-03  0.327E+02  0.140E+03  0.320E+02  0.334E-02  0.518E-05  0.138E+01  0.000E+00  0.000E+00  0.000E+00  0.000E+00  0.000E+00  0.000E+00  0.000E+00  0.000E+00  0.924E+01
 2010   16      0  0.321E+01  0.685E+06  0.160E+03  0.237E-03  0.314E+02  0.151E+03  0.339E+02  0.274E-02  0.000E+00  0.549E+00  0.000E+00  0.000E+00  0.000E+00  0.000E+00  0.000E+00  0.000E+00  0.000E+00  0.000E+00  0.973E+01
 2010   17      0  0.234E+01  0.706E+06  0.145E+03  0.923E-04  0.357E+02  0.174E+03  0.416E+02  0.306E-02  0.000E+00  0.488E+00  0.000E+00  0.000E+00  0.000E+00  0.000E+00  0.000E+00  0.000E+00  0.000E+00  0.000E+00  0.117E+02
 2010   18      0  0.258E+01  0.764E+06  0.134E+03  0.278E-04  0.363E+02  0.191E+03  0.458E+02  0.302E-02  0.000E+00  0.553E+00  0.000E+00  0.000E+00  0.000E+00  0.000E+00  0.000E+00  0.000E+00  0.000E+00  0.000E+00  0.132E+02
 2010   19      0  0.229E+01  0.748E+06  0.125E+03  0.540E-05  0.423E+02  0.196E+03  0.537E+02  0.336E-02  0.000E+00  0.197E+00  0.000E+00  0.000E+00  0.000E+00  0.000E+00  0.000E+00  0.000E+00  0.000E+00  0.000E+00  0.148E+02
 2010   20      0  0.617E+02  0.135E+06  0.794E+02  0.140E+02  0.987E+00  0.385E+02  0.137E+01  0.125E+02  0.973E+02  0.899E-01  0.127E+02  0.000E+00  0.000E+00  0.000E+00  0.000E+00  0.000E+00  0.000E+00  0.000E+00  0.166E+02
 2010   21      0  0.870E+01  0.293E+06  0.935E+02  0.995E+00  0.130E+02  0.477E+02  0.110E+02  0.125E+01  0.706E+01  0.123E+01  0.000E+00  0.000E+00  0.000E+00  0.000E+00  0.000E+00  0.000E+00  0.000E+00  0.000E+00  0.879E+01
 2010   22      0  0.389E+02  0.995E+05  0.576E+02  0.840E+01  0.126E+01  0.160E+02  0.206E+00  0.314E+01  0.278E+03  0.893E-01  0.381E+02  0.000E+00  0.000E+00  0.000E+00  0.000E+00  0.000E+00  0.000E+00  0.000E+00  0.601E+01
 2010   23      0  0.112E+02  0.230E+06  0.818E+02  0.524E+00  0.100E+02  0.321E+02  0.685E+01  0.325E+00  0.560E-01  0.398E+01  0.000E+00  0.000E+00  0.000E+00  0.000E+00  0.000E+00  0.000E+00  0.000E+00  0.000E+00  0.665E+01
 2010   24      0  0.994E+01  0.258E+06  0.849E+02  0.936E-01  0.121E+02  0.368E+02  0.851E+01  0.391E-01  0.186E+01  0.257E+01  0.000E+00  0.000E+00  0.000E+00  0.000E+00  0.000E+00  0.000E+00  0.000E+00  0.000E+00  0.800E+01
 2010   25      0  0.909E+01  0.279E+06  0.859E+02  0.174E-01  0.139E+02  0.403E+02  0.100E+02  0.101E-01  0.242E-01  0.248E+01  0.000E+00  0.000E+00  0.000E+00  0.000E+00  0.000E+00  0.000E+00  0.000E+00  0.000E+00  0.950E+01
 2010   26      0  0.880E+01  0.289E+06  0.877E+02  0.459E-02  0.142E+02  0.420E+02  0.105E+02  0.458E-02  0.194E-02  0.239E+01  0.000E+00  0.000E+00  0.000E+00  0.000E+00  0.000E+00  0.000E+00  0.000E+00  0.000E+00  0.954E+01
 2010   27      0  0.198E+02  0.155E+06  0.633E+02  0.351E+01  0.340E+01  0.316E+02  0.431E+01  0.494E+01  0.469E+01  0.179E+01  0.194E-01  0.000E+00  0.000E+00  0.000E+00  0.000E+00  0.000E+00  0.000E+00  0.000E+00  0.116E+02
 2010   28      0  0.115E+02  0.223E+06  0.667E+02  0.564E-01  0.140E+02  0.332E+02  0.977E+01  0.117E+00  0.587E-02  0.211E+01  0.000E+00  0.000E+00  0.000E+00  0.000E+00  0.000E+00  0.000E+00  0.000E+00  0.000E+00  0.133E+02
 2010   29      0  0.109E+02  0.235E+06  0.677E+02  0.631E-02  0.146E+02  0.351E+02  0.105E+02  0.143E-01  0.505E-03  0.192E+01  0.000E+00  0.000E+00  0.000E+00  0.000E+00  0.000E+00  0.000E+00  0.000E+00  0.000E+00  0.137E+02
 2010   30      0  0.141E+02  0.195E+06  0.621E+02  0.110E+01  0.732E+01  0.337E+02  0.830E+01  0.189E+01  0.314E+01  0.144E+01  0.000E+00  0.000E+00  0.000E+00  0.000E+00  0.000E+00  0.000E+00  0.000E+00  0.000E+00  0.138E+02
 2010   31      0  0.153E+02  0.172E+06  0.616E+02  0.579E+00  0.756E+01  0.249E+02  0.590E+01  0.880E+00  0.421E+00  0.345E+01  0.000E+00  0.000E+00  0.000E+00  0.000E+00  0.000E+00  0.000E+00  0.000E+00  0.000E+00  0.103E+02
 2010   32      0  0.136E+02  0.189E+06  0.629E+02  0.123E-01  0.957E+01  0.258E+02  0.667E+01  0.118E-01  0.257E+00  0.320E+01  0.000E+00  0.000E+00  0.000E+00  0.000E+00  0.000E+00  0.000E+00  0.000E+00  0.000E+00  0.109E+02
 2010   33      0  0.597E+02  0.861E+05  0.547E+02  0.964E+01  0.113E+01  0.158E+02  0.216E+00  0.483E+01  0.168E+03  0.891E-01  0.221E+02  0.000E+00  0.000E+00  0.000E+00  0.000E+00  0.000E+00  0.000E+00  0.000E+00  0.886E+01
 2010   34      0  0.532E+02  0.854E+05  0.517E+02  0.810E+01  0.158E+01  0.152E+02  0.204E+00  0.425E+01  0.106E+03  0.892E-01  0.151E+02  0.000E+00  0.000E+00  0.000E+00  0.000E+00  0.000E+00  0.000E+00  0.000E+00  0.785E+01
 2010   35      0  0.122E+03  0.631E+05  0.515E+02  0.120E+02  0.751E+00  0.895E+01  0.863E-01  0.329E+01  0.484E+03  0.891E-01  0.271E+03  0.000E+00  0.000E+00  0.000E+00  0.000E+00  0.000E+00  0.000E+00  0.000E+00  0.793E+01
 2010   36      0  0.511E+02  0.787E+05  0.459E+02  0.589E+01  0.209E+01  0.146E+02  0.254E+00  0.353E+01  0.513E+02  0.110E+00  0.505E+01  0.000E+00  0.000E+00  0.000E+00  0.000E+00  0.000E+00  0.000E+00  0.000E+00  0.886E+01
 2010   37      0  0.314E+02  0.838E+05  0.345E+02  0.213E+00  0.438E+01  0.978E+01  0.194E+01  0.124E+00  0.817E-01  0.722E+01  0.365E+00  0.000E+00  0.000E+00  0.000E+00  0.000E+00  0.000E+00  0.000E+00  0.000E+00  0.935E+01
 2010   38      0  0.297E+02  0.876E+05  0.336E+02  0.267E-01  0.495E+01  0.106E+02  0.259E+01  0.124E-01  0.245E-02  0.575E+01  0.151E-01  0.000E+00  0.000E+00  0.000E+00  0.000E+00  0.000E+00  0.000E+00  0.000E+00  0.123E+02
 2010   39      0  0.286E+02  0.911E+05  0.311E+02  0.544E-02  0.631E+01  0.113E+02  0.366E+01  0.239E-02  0.128E-03  0.389E+01  0.117E-03  0.000E+00  0.000E+00  0.000E+00  0.000E+00  0.000E+00  0.000E+00  0.000E+00  0.169E+02
 2010   40      0  0.282E+02  0.921E+05  0.302E+02  0.143E-02  0.689E+01  0.116E+02  0.412E+01  0.836E-03  0.573E-05  0.337E+01  0.000E+00  0.000E+00  0.000E+00  0.000E+00  0.000E+00  0.000E+00  0.000E+00  0.000E+00  0.184E+02
 2010   41      0  0.282E+02  0.931E+05  0.358E+02  0.857E-03  0.424E+01  0.112E+02  0.254E+01  0.493E-03  0.113E-03  0.616E+01  0.000E+00  0.000E+00  0.000E+00  0.000E+00  0.000E+00  0.000E+00  0.000E+00  0.000E+00  0.109E+02
 2010   42      0  0.279E+02  0.934E+05  0.396E+02  0.224E-03  0.307E+01  0.102E+02  0.158E+01  0.698E-04  0.000E+00  0.912E+01  0.000E+00  0.000E+00  0.000E+00  0.000E+00  0.000E+00  0.000E+00  0.000E+00  0.000E+00  0.511E+01
 2010   43      0  0.275E+02  0.946E+05  0.395E+02  0.779E-04  0.303E+01  0.105E+02  0.171E+01  0.435E-04  0.000E+00  0.870E+01  0.000E+00  0.000E+00  0.000E+00  0.000E+00  0.000E+00  0.000E+00  0.000E+00  0.000E+00  0.579E+01
 2010   44      0  0.660E+02  0.841E+05  0.553E+02  0.996E+01  0.941E+00  0.130E+02  0.145E+00  0.425E+01  0.155E+03  0.894E-01  0.165E+02  0.000E+00  0.000E+00  0.000E+00  0.000E+00  0.000E+00  0.000E+00  0.000E+00  0.526E+01
 2010   45      0  0.311E+02  0.862E+05  0.375E+02  0.381E+00  0.254E+01  0.936E+01  0.142E+01  0.219E+00  0.573E+00  0.885E+01  0.955E-01  0.000E+00  0.000E+00  0.000E+00  0.000E+00  0.000E+00  0.000E+00  0.000E+00  0.511E+01
 2010   46      0  0.304E+02  0.859E+05  0.314E+02  0.601E-01  0.440E+01  0.107E+02  0.305E+01  0.689E-01  0.545E-01  0.478E+01  0.120E-02  0.000E+00  0.000E+00  0.000E+00  0.000E+00  0.000E+00  0.000E+00  0.000E+00  0.146E+02
 2010   47      0  0.298E+02  0.875E+05  0.370E+02  0.441E-02  0.247E+01  0.954E+01  0.152E+01  0.274E-02  0.126E-02  0.901E+01  0.000E+00  0.000E+00  0.000E+00  0.000E+00  0.000E+00  0.000E+00  0.000E+00  0.000E+00  0.575E+01
 2010   48      0  0.293E+02  0.888E+05  0.367E+02  0.930E-03  0.252E+01  0.989E+01  0.170E+01  0.816E-03  0.729E-04  0.842E+01  0.000E+00  0.000E+00  0.000E+00  0.000E+00  0.000E+00  0.000E+00  0.000E+00  0.000E+00  0.676E+01
 2010   49      0  0.290E+02  0.899E+05  0.361E+02  0.735E-04  0.271E+01  0.103E+02  0.199E+01  0.414E-04  0.203E-05  0.752E+01  0.000E+00  0.000E+00  0.000E+00  0.000E+00  0.000E+00  0.000E+00  0.000E+00  0.000E+00  0.841E+01
 2010   50      0  0.285E+02  0.915E+05  0.355E+02  0.106E-04  0.291E+01  0.107E+02  0.226E+01  0.000E+00  0.000E+00  0.682E+01  0.000E+00  0.000E+00  0.000E+00  0.000E+00  0.000E+00  0.000E+00  0.000E+00  0.000E+00  0.973E+01
 2010   51      0  0.280E+02  0.931E+05  0.344E+02  0.166E-05  0.335E+01  0.111E+02  0.268E+01  0.000E+00  0.000E+00  0.585E+01  0.000E+00  0.000E+00  0.000E+00  0.000E+00  0.000E+00  0.000E+00  0.000E+00  0.000E+00  0.117E+02
 2010   52      0  0.278E+02  0.937E+05  0.333E+02  0.135E-02  0.387E+01  0.114E+02  0.311E+01  0.458E-03  0.171E-01  0.498E+01  0.320E-03  0.000E+00  0.000E+00  0.000E+00  0.000E+00  0.000E+00  0.000E+00  0.000E+00  0.136E+02
 2010   53      0  0.276E+02  0.945E+05  0.320E+02  0.160E-04  0.464E+01  0.117E+02  0.365E+01  0.725E-04  0.000E+00  0.409E+01  0.000E+00  0.000E+00  0.000E+00  0.000E+00  0.000E+00  0.000E+00  0.000E+00  0.000E+00  0.159E+02
 2010   54      0  0.268E+02  0.972E+05  0.312E+02  0.000E+00  0.516E+01  0.119E+02  0.398E+01  0.000E+00  0.000E+00  0.369E+01  0.000E+00  0.000E+00  0.000E+00  0.000E+00  0.000E+00  0.000E+00  0.000E+00  0.000E+00  0.170E+02
 2010   55      0  0.267E+02  0.975E+05  0.287E+02  0.000E+00  0.664E+01  0.121E+02  0.483E+01  0.000E+00  0.000E+00  0.277E+01  0.000E+00  0.000E+00  0.000E+00  0.000E+00  0.000E+00  0.000E+00  0.000E+00  0.000E+00  0.204E+02
 2010   56      0  0.269E+02  0.969E+05  0.302E+02  0.000E+00  0.589E+01  0.122E+02  0.448E+01  0.000E+00  0.000E+00  0.314E+01  0.000E+00  0.000E+00  0.000E+00  0.000E+00  0.000E+00  0.000E+00  0.000E+00  0.000E+00  0.188E+02
 2010   57      0  0.270E+02  0.965E+05  0.336E+02  0.513E-02  0.420E+01  0.121E+02  0.355E+01  0.735E-03  0.175E+00  0.426E+01  0.748E-02  0.000E+00  0.000E+00  0.000E+00  0.000E+00  0.000E+00  0.000E+00  0.000E+00  0.148E+02
 2010   58      0  0.265E+02  0.983E+05  0.333E+02  0.290E-03  0.457E+01  0.123E+02  0.382E+01  0.829E-04  0.546E-03  0.401E+01  0.101E-03  0.000E+00  0.000E+00  0.000E+00  0.000E+00  0.000E+00  0.000E+00  0.000E+00  0.156E+02
 2010   59      0  0.265E+02  0.100E+06  0.298E+02  0.143E+00  0.657E+01  0.130E+02  0.512E+01  0.395E+00  0.161E-01  0.264E+01  0.000E+00  0.000E+00  0.000E+00  0.000E+00  0.000E+00  0.000E+00  0.000E+00  0.000E+00  0.202E+02
 2010   60      0  0.757E+02  0.136E+06  0.867E+02  0.168E+02  0.369E+00  0.311E+02  0.722E+00  0.116E+02  0.173E+03  0.893E-01  0.391E+02  0.000E+00  0.000E+00  0.000E+00  0.000E+00  0.000E+00  0.000E+00  0.000E+00  0.132E+02
 2010   61      0  0.288E+02  0.906E+05  0.355E+02  0.124E+00  0.258E+01  0.110E+02  0.247E+01  0.869E-01  0.972E+00  0.560E+01  0.179E+00  0.000E+00  0.000E+00  0.000E+00  0.000E+00  0.000E+00  0.000E+00  0.000E+00  0.105E+02
 2010   62      0  0.471E+03  0.126E+05  0.817E+02  0.227E+02  0.591E-01  0.100E+02  0.681E-01  0.490E+01  0.105E+04  0.890E-01  0.119E+04  0.000E+00  0.000E+00  0.000E+00  0.000E+00  0.000E+00  0.000E+00  0.000E+00  0.965E+01
 2010   63      0  0.304E+03  0.853E+04  0.844E+02  0.222E+02  0.160E+00  0.133E+02  0.108E+00  0.636E+01  0.892E+03  0.890E-01  0.861E+03  0.000E+00  0.000E+00  0.000E+00  0.000E+00  0.000E+00  0.000E+00  0.000E+00  0.103E+02
 2010   64      0  0.161E+03  0.772E+05  0.400E+02  0.895E+01  0.487E+00  0.761E+01  0.780E-01  0.290E+01  0.345E+03  0.891E-01  0.122E+03  0.000E+00  0.000E+00  0.000E+00  0.000E+00  0.000E+00  0.000E+00  0.000E+00  0.886E+01
 2010   65      0  0.659E+02  0.500E+05  0.263E+02  0.245E+01  0.130E+01  0.582E+01  0.146E+00  0.667E+00  0.640E+02  0.985E-01  0.107E+02  0.000E+00  0.000E+00  0.000E+00  0.000E+00  0.000E+00  0.000E+00  0.000E+00  0.744E+01
 2010   66      0  0.180E+03  0.571E+05  0.389E+02  0.953E+01  0.475E+00  0.544E+01  0.471E-01  0.203E+01  0.473E+03  0.891E-01  0.270E+03  0.000E+00  0.000E+00  0.000E+00  0.000E+00  0.000E+00  0.000E+00  0.000E+00  0.770E+01
 2010   67      0  0.710E+02  0.424E+05  0.222E+02  0.152E+01  0.136E+01  0.399E+01  0.374E+00  0.324E+00  0.549E+02  0.145E+00  0.158E+02  0.000E+00  0.000E+00  0.000E+00  0.000E+00  0.000E+00  0.000E+00  0.000E+00  0.515E+01
 2010   68      0  0.564E+02  0.469E+05  0.218E+02  0.173E+00  0.166E+01  0.432E+01  0.565E+00  0.268E-01  0.412E-01  0.108E+02  0.979E+00  0.000E+00  0.000E+00  0.000E+00  0.000E+00  0.000E+00  0.000E+00  0.000E+00  0.571E+01
 2010   69      0  0.536E+02  0.488E+05  0.214E+02  0.349E-01  0.174E+01  0.486E+01  0.791E+00  0.362E-02  0.000E+00  0.942E+01  0.357E-01  0.000E+00  0.000E+00  0.000E+00  0.000E+00  0.000E+00  0.000E+00  0.000E+00  0.864E+01
 2010   70      0  0.520E+02  0.503E+05  0.207E+02  0.101E-01  0.194E+01  0.537E+01  0.113E+01  0.101E-02  0.000E+00  0.782E+01  0.569E-03  0.000E+00  0.000E+00  0.000E+00  0.000E+00  0.000E+00  0.000E+00  0.000E+00  0.122E+02
 2010   71      0  0.509E+02  0.513E+05  0.198E+02  0.336E-02  0.233E+01  0.575E+01  0.156E+01  0.305E-03  0.000E+00  0.630E+01  0.000E+00  0.000E+00  0.000E+00  0.000E+00  0.000E+00  0.000E+00  0.000E+00  0.000E+00  0.158E+02
 2010   72      0  0.988E+02  0.742E+05  0.290E+02  0.441E+01  0.634E+00  0.103E+02  0.286E+00  0.313E+01  0.498E+02  0.914E-01  0.971E+01  0.000E+00  0.000E+00  0.000E+00  0.000E+00  0.000E+00  0.000E+00  0.000E+00  0.165E+02
 2010   73      0  0.540E+02  0.491E+05  0.197E+02  0.104E+00  0.205E+01  0.558E+01  0.144E+01  0.881E-01  0.199E-02  0.657E+01  0.237E-02  0.000E+00  0.000E+00  0.000E+00  0.000E+00  0.000E+00  0.000E+00  0.000E+00  0.153E+02
 2010   74      0  0.522E+02  0.501E+05  0.206E+02  0.994E-02  0.174E+01  0.548E+01  0.121E+01  0.740E-02  0.509E-03  0.755E+01  0.000E+00  0.000E+00  0.000E+00  0.000E+00  0.000E+00  0.000E+00  0.000E+00  0.000E+00  0.128E+02
 2010   75      0  0.510E+02  0.513E+05  0.205E+02  0.120E-02  0.185E+01  0.568E+01  0.136E+01  0.101E-02  0.000E+00  0.701E+01  0.000E+00  0.000E+00  0.000E+00  0.000E+00  0.000E+00  0.000E+00  0.000E+00  0.000E+00  0.140E+02
 2010   76      0  0.500E+02  0.522E+05  0.199E+02  0.178E-03  0.213E+01  0.591E+01  0.164E+01  0.301E-03  0.000E+00  0.613E+01  0.000E+00  0.000E+00  0.000E+00  0.000E+00  0.000E+00  0.000E+00  0.000E+00  0.000E+00  0.160E+02
 2010   77      0  0.490E+02  0.534E+05  0.192E+02  0.318E-04  0.255E+01  0.608E+01  0.198E+01  0.000E+00  0.000E+00  0.521E+01  0.000E+00  0.000E+00  0.000E+00  0.000E+00  0.000E+00  0.000E+00  0.000E+00  0.000E+00  0.184E+02
 2010   78      0  0.482E+02  0.542E+05  0.186E+02  0.736E-05  0.300E+01  0.619E+01  0.228E+01  0.000E+00  0.000E+00  0.453E+01  0.000E+00  0.000E+00  0.000E+00  0.000E+00  0.000E+00  0.000E+00  0.000E+00  0.000E+00  0.203E+02
 2010   79      0  0.484E+02  0.540E+05  0.192E+02  0.182E-05  0.273E+01  0.625E+01  0.215E+01  0.000E+00  0.000E+00  0.485E+01  0.000E+00  0.000E+00  0.000E+00  0.000E+00  0.000E+00  0.000E+00  0.000E+00  0.000E+00  0.192E+02
 2010   80      0  0.473E+02  0.552E+05  0.192E+02  0.000E+00  0.285E+01  0.635E+01  0.226E+01  0.000E+00  0.000E+00  0.467E+01  0.000E+00  0.000E+00  0.000E+00  0.000E+00  0.000E+00  0.000E+00  0.000E+00  0.000E+00  0.197E+02
 2010   81      0  0.481E+02  0.543E+05  0.198E+02  0.153E-01  0.244E+01  0.633E+01  0.203E+01  0.448E-02  0.242E+00  0.499E+01  0.624E-01  0.000E+00  0.000E+00  0.000E+00  0.000E+00  0.000E+00  0.000E+00  0.000E+00  0.180E+02
 2010   82      0  0.350E+03  0.680E+05  0.427E+02  0.113E+02  0.106E+00  0.600E+01  0.544E-01  0.271E+01  0.601E+03  0.892E-01  0.460E+03  0.000E+00  0.000E+00  0.000E+00  0.000E+00  0.000E+00  0.000E+00  0.000E+00  0.123E+02
 2010   83      0  0.724E+02  0.443E+05  0.224E+02  0.189E+01  0.627E+00  0.525E+01  0.335E+00  0.536E+00  0.523E+02  0.106E+00  0.124E+02  0.000E+00  0.000E+00  0.000E+00  0.000E+00  0.000E+00  0.000E+00  0.000E+00  0.961E+01
 2010   84      0  0.542E+02  0.488E+05  0.205E+02  0.188E+00  0.131E+01  0.523E+01  0.110E+01  0.444E-01  0.000E+00  0.792E+01  0.606E+00  0.000E+00  0.000E+00  0.000E+00  0.000E+00  0.000E+00  0.000E+00  0.000E+00  0.121E+02
 2010   85      0  0.513E+02  0.511E+05  0.200E+02  0.357E-01  0.163E+01  0.564E+01  0.143E+01  0.647E-02  0.000E+00  0.673E+01  0.167E-01  0.000E+00  0.000E+00  0.000E+00  0.000E+00  0.000E+00  0.000E+00  0.000E+00  0.148E+02
 2010   86      0  0.504E+02  0.519E+05  0.202E+02  0.981E-02  0.167E+01  0.582E+01  0.150E+01  0.138E-02  0.000E+00  0.660E+01  0.265E-03  0.000E+00  0.000E+00  0.000E+00  0.000E+00  0.000E+00  0.000E+00  0.000E+00  0.149E+02
 2010   87      0  0.488E+02  0.535E+05  0.197E+02  0.322E-02  0.206E+01  0.607E+01  0.182E+01  0.316E-03  0.000E+00  0.568E+01  0.000E+00  0.000E+00  0.000E+00  0.000E+00  0.000E+00  0.000E+00  0.000E+00  0.000E+00  0.171E+02
 2010   88      0  0.489E+02  0.535E+05  0.198E+02  0.146E-01  0.207E+01  0.614E+01  0.185E+01  0.217E-02  0.299E+00  0.532E+01  0.843E-01  0.000E+00  0.000E+00  0.000E+00  0.000E+00  0.000E+00  0.000E+00  0.000E+00  0.172E+02
 2010   89      0  0.411E+03  0.957E+04  0.410E+02  0.108E+02  0.756E-01  0.639E+01  0.632E-01  0.297E+01  0.577E+03  0.895E-01  0.452E+03  0.000E+00  0.000E+00  0.000E+00  0.000E+00  0.000E+00  0.000E+00  0.000E+00  0.145E+02
 2010   90      0  0.105E+03  0.389E+05  0.197E+02  0.290E+01  0.420E+00  0.506E+01  0.351E+00  0.749E+00  0.170E+03  0.898E-01  0.871E+02  0.000E+00  0.000E+00  0.000E+00  0.000E+00  0.000E+00  0.000E+00  0.000E+00  0.162E+02
 2010   91      0  0.133E+03  0.522E+05  0.280E+02  0.554E+01  0.318E+00  0.602E+01  0.892E-01  0.181E+01  0.224E+03  0.893E-01  0.860E+02  0.000E+00  0.000E+00  0.000E+00  0.000E+00  0.000E+00  0.000E+00  0.000E+00  0.136E+02
 2010   92      0  0.620E+02  0.439E+05  0.189E+02  0.404E+00  0.127E+01  0.479E+01  0.106E+01  0.140E+00  0.270E+01  0.506E+01  0.134E+01  0.000E+00  0.000E+00  0.000E+00  0.000E+00  0.000E+00  0.000E+00  0.000E+00  0.135E+02
 2010   93      0  0.956E+02  0.449E+05  0.241E+02  0.364E+01  0.428E+00  0.536E+01  0.939E-01  0.844E+00  0.183E+03  0.893E-01  0.556E+02  0.000E+00  0.000E+00  0.000E+00  0.000E+00  0.000E+00  0.000E+00  0.000E+00  0.132E+02
 2010   94      0  0.601E+02  0.441E+05  0.184E+02  0.175E+00  0.135E+01  0.486E+01  0.116E+01  0.427E-01  0.000E+00  0.724E+01  0.290E+00  0.000E+00  0.000E+00  0.000E+00  0.000E+00  0.000E+00  0.000E+00  0.000E+00  0.144E+02
 2010   95      0  0.922E+02  0.536E+05  0.203E+02  0.247E+01  0.440E+00  0.752E+01  0.224E+00  0.137E+01  0.591E+02  0.907E-01  0.106E+02  0.000E+00  0.000E+00  0.000E+00  0.000E+00  0.000E+00  0.000E+00  0.000E+00  0.192E+02
 2010   96      0  0.112E+03  0.576E+05  0.215E+02  0.298E+01  0.890E+00  0.661E+01  0.136E+00  0.167E+01  0.597E+02  0.902E-01  0.788E+01  0.000E+00  0.000E+00  0.000E+00  0.000E+00  0.000E+00  0.000E+00  0.000E+00  0.152E+02
 2010   97      0  0.642E+02  0.414E+05  0.177E+02  0.129E+00  0.116E+01  0.439E+01  0.923E+00  0.554E-01  0.179E-02  0.804E+01  0.183E+00  0.000E+00  0.000E+00  0.000E+00  0.000E+00  0.000E+00  0.000E+00  0.000E+00  0.128E+02
 2010   98      0  0.610E+02  0.429E+05  0.176E+02  0.175E-01  0.125E+01  0.462E+01  0.107E+01  0.587E-02  0.000E+00  0.749E+01  0.361E-02  0.000E+00  0.000E+00  0.000E+00  0.000E+00  0.000E+00  0.000E+00  0.000E+00  0.140E+02
 2010   99      0  0.591E+02  0.442E+05  0.167E+02  0.369E-02  0.171E+01  0.492E+01  0.148E+01  0.107E-02  0.000E+00  0.598E+01  0.000E+00  0.000E+00  0.000E+00  0.000E+00  0.000E+00  0.000E+00  0.000E+00  0.000E+00  0.179E+02
 2010  100      0  0.186E+03  0.684E+05  0.308E+02  0.671E+01  0.632E+00  0.726E+01  0.129E+00  0.264E+01  0.264E+03  0.901E-01  0.129E+03  0.000E+00  0.000E+00  0.000E+00  0.000E+00  0.000E+00  0.000E+00  0.000E+00  0.172E+02
 2010  101      0  0.329E+03  0.102E+05  0.311E+02  0.758E+01  0.193E+00  0.585E+01  0.739E-01  0.253E+01  0.409E+03  0.897E-01  0.224E+03  0.000E+00  0.000E+00  0.000E+00  0.000E+00  0.000E+00  0.000E+00  0.000E+00  0.158E+02
 2010  102      0  0.874E+02  0.386E+05  0.164E+02  0.921E+00  0.821E+00  0.452E+01  0.523E+00  0.507E+00  0.890E+01  0.208E+01  0.155E+01  0.000E+00  0.000E+00  0.000E+00  0.000E+00  0.000E+00  0.000E+00  0.000E+00  0.144E+02
 2010  103      0  0.140E+03  0.360E+05  0.205E+02  0.373E+01  0.837E+00  0.316E+01  0.417E-01  0.535E+00  0.276E+03  0.891E-01  0.127E+03  0.000E+00  0.000E+00  0.000E+00  0.000E+00  0.000E+00  0.000E+00  0.000E+00  0.106E+02
 2010  104      0  0.511E+03  0.140E+05  0.291E+02  0.784E+01  0.316E+00  0.281E+01  0.161E-01  0.129E+01  0.822E+03  0.891E-01  0.416E+03  0.000E+00  0.000E+00  0.000E+00  0.000E+00  0.000E+00  0.000E+00  0.000E+00  0.804E+01
 2010  105      0  0.943E+02  0.313E+05  0.158E+02  0.884E+00  0.741E+00  0.291E+01  0.443E+00  0.205E+00  0.000E+00  0.982E+01  0.760E+01  0.000E+00  0.000E+00  0.000E+00  0.000E+00  0.000E+00  0.000E+00  0.000E+00  0.984E+01
 2010  106      0  0.805E+02  0.329E+05  0.141E+02  0.118E+00  0.990E+00  0.340E+01  0.767E+00  0.240E-01  0.000E+00  0.787E+01  0.269E+00  0.000E+00  0.000E+00  0.000E+00  0.000E+00  0.000E+00  0.000E+00  0.000E+00  0.148E+02
 2010  107      0  0.174E+03  0.357E+05  0.174E+02  0.326E+01  0.206E+01  0.351E+01  0.713E-01  0.717E+00  0.238E+03  0.901E-01  0.130E+03  0.000E+00  0.000E+00  0.000E+00  0.000E+00  0.000E+00  0.000E+00  0.000E+00  0.173E+02
 2010  108      0  0.338E+03  0.551E+05  0.212E+02  0.501E+01  0.740E+00  0.356E+01  0.475E-01  0.136E+01  0.366E+03  0.899E-01  0.181E+03  0.000E+00  0.000E+00  0.000E+00  0.000E+00  0.000E+00  0.000E+00  0.000E+00  0.164E+02
 2010  109      0  0.164E+03  0.416E+05  0.139E+02  0.183E+01  0.767E+00  0.406E+01  0.104E+00  0.981E+00  0.531E+02  0.908E-01  0.132E+02  0.000E+00  0.000E+00  0.000E+00  0.000E+00  0.000E+00  0.000E+00  0.000E+00  0.183E+02
 2010  110      0  0.105E+03  0.278E+05  0.116E+02  0.394E+00  0.819E+00  0.366E+01  0.695E+00  0.245E+00  0.300E+01  0.334E+01  0.905E+00  0.000E+00  0.000E+00  0.000E+00  0.000E+00  0.000E+00  0.000E+00  0.000E+00  0.206E+02
 2010  111      0  0.255E+03  0.391E+05  0.160E+02  0.321E+01  0.758E+00  0.293E+01  0.450E-01  0.875E+00  0.237E+03  0.899E-01  0.105E+03  0.000E+00  0.000E+00  0.000E+00  0.000E+00  0.000E+00  0.000E+00  0.000E+00  0.165E+02
 2010  112      0  0.100E+03  0.268E+05  0.122E+02  0.221E+00  0.785E+00  0.267E+01  0.552E+00  0.409E-01  0.000E+00  0.841E+01  0.809E+00  0.000E+00  0.000E+00  0.000E+00  0.000E+00  0.000E+00  0.000E+00  0.000E+00  0.145E+02
 2010  113      0  0.931E+02  0.282E+05  0.118E+02  0.295E-01  0.932E+00  0.292E+01  0.743E+00  0.410E-02  0.000E+00  0.740E+01  0.172E-01  0.000E+00  0.000E+00  0.000E+00  0.000E+00  0.000E+00  0.000E+00  0.000E+00  0.172E+02
 2010  114      0  0.915E+02  0.286E+05  0.118E+02  0.693E-02  0.966E+00  0.301E+01  0.799E+00  0.780E-03  0.000E+00  0.719E+01  0.264E-03  0.000E+00  0.000E+00  0.000E+00  0.000E+00  0.000E+00  0.000E+00  0.000E+00  0.177E+02
 2010  115      0  0.132E+03  0.250E+05  0.114E+02  0.818E+00  0.170E+01  0.286E+01  0.169E+00  0.204E+00  0.489E+02  0.925E-01  0.148E+02  0.000E+00  0.000E+00  0.000E+00  0.000E+00  0.000E+00  0.000E+00  0.000E+00  0.160E+02
 2010  116      0  0.930E+02  0.283E+05  0.122E+02  0.650E-01  0.836E+00  0.290E+01  0.666E+00  0.825E-02  0.000E+00  0.792E+01  0.202E+00  0.000E+00  0.000E+00  0.000E+00  0.000E+00  0.000E+00  0.000E+00  0.000E+00  0.156E+02
 2010  117      0  0.889E+02  0.294E+05  0.118E+02  0.123E-01  0.103E+01  0.312E+01  0.908E+00  0.140E-02  0.000E+00  0.674E+01  0.392E-02  0.000E+00  0.000E+00  0.000E+00  0.000E+00  0.000E+00  0.000E+00  0.000E+00  0.189E+02
 2010  118      0  0.875E+02  0.299E+05  0.117E+02  0.335E-02  0.114E+01  0.320E+01  0.102E+01  0.284E-03  0.000E+00  0.630E+01  0.000E+00  0.000E+00  0.000E+00  0.000E+00  0.000E+00  0.000E+00  0.000E+00  0.000E+00  0.201E+02
 2010  119      0  0.862E+02  0.303E+05  0.117E+02  0.111E-02  0.120E+01  0.326E+01  0.108E+01  0.118E-03  0.000E+00  0.610E+01  0.000E+00  0.000E+00  0.000E+00  0.000E+00  0.000E+00  0.000E+00  0.000E+00  0.000E+00  0.206E+02
 2010  120      0  0.852E+02  0.307E+05  0.115E+02  0.401E-03  0.134E+01  0.331E+01  0.118E+01  0.638E-04  0.000E+00  0.572E+01  0.000E+00  0.000E+00  0.000E+00  0.000E+00  0.000E+00  0.000E+00  0.000E+00  0.000E+00  0.217E+02
 2010  121      0  0.844E+02  0.310E+05  0.116E+02  0.153E-03  0.138E+01  0.336E+01  0.123E+01  0.429E-04  0.000E+00  0.560E+01  0.000E+00  0.000E+00  0.000E+00  0.000E+00  0.000E+00  0.000E+00  0.000E+00  0.000E+00  0.220E+02
 2010  122      0  0.828E+02  0.316E+05  0.114E+02  0.588E-04  0.154E+01  0.340E+01  0.134E+01  0.000E+00  0.000E+00  0.525E+01  0.000E+00  0.000E+00  0.000E+00  0.000E+00  0.000E+00  0.000E+00  0.000E+00  0.000E+00  0.230E+02
 2010  123      0  0.819E+02  0.319E+05  0.111E+02  0.228E-04  0.183E+01  0.342E+01  0.151E+01  0.000E+00  0.000E+00  0.472E+01  0.000E+00  0.000E+00  0.000E+00  0.000E+00  0.000E+00  0.000E+00  0.000E+00  0.000E+00  0.248E+02
 2010  124      0  0.189E+03  0.228E+05  0.930E+01  0.869E+00  0.466E+01  0.283E+01  0.726E-01  0.443E+00  0.312E+02  0.100E+00  0.385E+02  0.000E+00  0.000E+00  0.000E+00  0.000E+00  0.000E+00  0.000E+00  0.000E+00  0.217E+02
 2010  125      0  0.102E+03  0.274E+05  0.110E+02  0.382E+00  0.265E+01  0.354E+01  0.801E+00  0.741E-01  0.222E+02  0.135E+00  0.178E+02  0.000E+00  0.000E+00  0.000E+00  0.000E+00  0.000E+00  0.000E+00  0.000E+00  0.221E+02
 2010  126      0  0.140E+03  0.242E+05  0.992E+01  0.518E+00  0.111E+01  0.307E+01  0.134E+00  0.239E+00  0.185E+02  0.310E+00  0.102E+02  0.000E+00  0.000E+00  0.000E+00  0.000E+00  0.000E+00  0.000E+00  0.000E+00  0.193E+02
 2010  127      0  0.864E+02  0.304E+05  0.120E+02  0.377E-01  0.123E+01  0.332E+01  0.107E+01  0.110E-01  0.578E-01  0.615E+01  0.374E+00  0.000E+00  0.000E+00  0.000E+00  0.000E+00  0.000E+00  0.000E+00  0.000E+00  0.201E+02
 2010  128      0  0.364E+03  0.416E+04  0.772E+01  0.115E+01  0.139E+00  0.140E+01  0.175E-01  0.384E+00  0.875E+02  0.901E-01  0.414E+02  0.000E+00  0.000E+00  0.000E+00  0.000E+00  0.000E+00  0.000E+00  0.000E+00  0.172E+02
 2010  129      0  0.956E+02  0.277E+05  0.116E+02  0.974E-01  0.835E+00  0.299E+01  0.847E+00  0.562E-01  0.961E-01  0.677E+01  0.250E+00  0.000E+00  0.000E+00  0.000E+00  0.000E+00  0.000E+00  0.000E+00  0.000E+00  0.187E+02
 2010  130      0  0.871E+02  0.301E+05  0.119E+02  0.130E-01  0.997E+00  0.325E+01  0.101E+01  0.593E-02  0.000E+00  0.637E+01  0.116E-02  0.000E+00  0.000E+00  0.000E+00  0.000E+00  0.000E+00  0.000E+00  0.000E+00  0.198E+02
 2010  131      0  0.841E+02  0.311E+05  0.116E+02  0.282E-02  0.128E+01  0.337E+01  0.123E+01  0.985E-03  0.000E+00  0.560E+01  0.000E+00  0.000E+00  0.000E+00  0.000E+00  0.000E+00  0.000E+00  0.000E+00  0.000E+00  0.220E+02
 2010  132      0  0.581E+03  0.843E+04  0.725E+01  0.142E+01  0.629E-01  0.109E+01  0.154E-01  0.323E+00  0.166E+03  0.915E-01  0.949E+02  0.000E+00  0.000E+00  0.000E+00  0.000E+00  0.000E+00  0.000E+00  0.000E+00  0.215E+02
 2010  133      0  0.108E+04  0.739E+04  0.595E+01  0.136E+01  0.326E-01  0.598E+00  0.555E-02  0.211E+00  0.241E+03  0.904E-01  0.112E+03  0.000E+00  0.000E+00  0.000E+00  0.000E+00  0.000E+00  0.000E+00  0.000E+00  0.183E+02
 2010  134      0  0.127E+03  0.220E+05  0.102E+02  0.388E+00  0.510E+00  0.225E+01  0.570E+00  0.848E-01  0.000E+00  0.755E+01  0.587E+01  0.000E+00  0.000E+00  0.000E+00  0.000E+00  0.000E+00  0.000E+00  0.000E+00  0.182E+02
 2010  135      0  0.111E+03  0.243E+05  0.101E+02  0.113E+00  0.670E+00  0.256E+01  0.720E+00  0.328E-01  0.385E+01  0.333E+01  0.709E+00  0.000E+00  0.000E+00  0.000E+00  0.000E+00  0.000E+00  0.000E+00  0.000E+00  0.195E+02
 2010  136      0  0.239E+03  0.210E+05  0.677E+01  0.508E+00  0.105E+00  0.177E+01  0.400E-01  0.184E+00  0.782E+02  0.913E-01  0.161E+02  0.000E+00  0.000E+00  0.000E+00  0.000E+00  0.000E+00  0.000E+00  0.000E+00  0.210E+02
 2010  137      0  0.116E+03  0.236E+05  0.939E+01  0.689E-01  0.623E+00  0.254E+01  0.773E+00  0.512E-01  0.595E+00  0.561E+01  0.102E+00  0.000E+00  0.000E+00  0.000E+00  0.000E+00  0.000E+00  0.000E+00  0.000E+00  0.215E+02
 2010  138      0  0.108E+03  0.246E+05  0.101E+02  0.410E-01  0.868E+00  0.260E+01  0.761E+00  0.229E-01  0.814E+00  0.582E+01  0.143E+01  0.000E+00  0.000E+00  0.000E+00  0.000E+00  0.000E+00  0.000E+00  0.000E+00  0.197E+02
 2010  139      0  0.115E+03  0.252E+05  0.100E+02  0.188E+00  0.381E+00  0.298E+01  0.480E+00  0.514E-01  0.329E+02  0.101E+00  0.361E+01  0.000E+00  0.000E+00  0.000E+00  0.000E+00  0.000E+00  0.000E+00  0.000E+00  0.198E+02
 2010  140      0  0.488E+03  0.730E+04  0.520E+01  0.746E+00  0.536E-01  0.913E+00  0.161E-01  0.180E+00  0.132E+03  0.916E-01  0.449E+02  0.000E+00  0.000E+00  0.000E+00  0.000E+00  0.000E+00  0.000E+00  0.000E+00  0.218E+02
 2010  141      0  0.285E+04  0.602E+03  0.367E+01  0.905E+00  0.757E-02  0.437E+00  0.519E-02  0.192E+00  0.159E+03  0.908E-01  0.795E+02  0.000E+00  0.000E+00  0.000E+00  0.000E+00  0.000E+00  0.000E+00  0.000E+00  0.195E+02
 2010  142      0  0.441E+03  0.516E+04  0.551E+01  0.728E+00  0.534E-01  0.793E+00  0.997E-02  0.139E+00  0.101E+03  0.900E-01  0.404E+02  0.000E+00  0.000E+00  0.000E+00  0.000E+00  0.000E+00  0.000E+00  0.000E+00  0.171E+02
 2010  143      0  0.137E+03  0.200E+05  0.889E+01  0.277E+00  0.517E+00  0.200E+01  0.580E+00  0.443E-01  0.000E+00  0.708E+01  0.721E+01  0.000E+00  0.000E+00  0.000E+00  0.000E+00  0.000E+00  0.000E+00  0.000E+00  0.205E+02
 2010  144      0  0.119E+03  0.222E+05  0.883E+01  0.817E-01  0.808E+00  0.230E+01  0.834E+00  0.993E-02  0.000E+00  0.604E+01  0.317E+00  0.000E+00  0.000E+00  0.000E+00  0.000E+00  0.000E+00  0.000E+00  0.000E+00  0.233E+02
 2010  145      0  0.114E+03  0.230E+05  0.878E+01  0.282E-01  0.955E+00  0.239E+01  0.945E+00  0.303E-02  0.000E+00  0.565E+01  0.480E-02  0.000E+00  0.000E+00  0.000E+00  0.000E+00  0.000E+00  0.000E+00  0.000E+00  0.244E+02
 2010  146      0  0.112E+03  0.233E+05  0.903E+01  0.107E-01  0.907E+00  0.246E+01  0.924E+00  0.110E-02  0.000E+00  0.583E+01  0.273E-03  0.000E+00  0.000E+00  0.000E+00  0.000E+00  0.000E+00  0.000E+00  0.000E+00  0.236E+02
 2010  147      0  0.254E+03  0.147E+05  0.535E+01  0.186E+00  0.809E-01  0.144E+01  0.460E-01  0.893E-01  0.190E+02  0.229E+00  0.287E+01  0.000E+00  0.000E+00  0.000E+00  0.000E+00  0.000E+00  0.000E+00  0.000E+00  0.217E+02
 2010  148      0  0.118E+03  0.222E+05  0.924E+01  0.246E-01  0.602E+00  0.232E+01  0.690E+00  0.947E-02  0.333E+00  0.644E+01  0.908E-01  0.000E+00  0.000E+00  0.000E+00  0.000E+00  0.000E+00  0.000E+00  0.000E+00  0.203E+02
 2010  149      0  0.111E+03  0.236E+05  0.948E+01  0.460E-02  0.725E+00  0.249E+01  0.807E+00  0.111E-02  0.000E+00  0.647E+01  0.155E-02  0.000E+00  0.000E+00  0.000E+00  0.000E+00  0.000E+00  0.000E+00  0.000E+00  0.213E+02
 2010  150      0  0.107E+03  0.243E+05  0.926E+01  0.136E-02  0.942E+00  0.256E+01  0.972E+00  0.337E-03  0.000E+00  0.575E+01  0.000E+00  0.000E+00  0.000E+00  0.000E+00  0.000E+00  0.000E+00  0.000E+00  0.000E+00  0.235E+02
 2010  151      0  0.106E+03  0.246E+05  0.943E+01  0.488E-03  0.937E+00  0.261E+01  0.977E+00  0.718E-04  0.115E-04  0.580E+01  0.000E+00  0.000E+00  0.000E+00  0.000E+00  0.000E+00  0.000E+00  0.000E+00  0.000E+00  0.232E+02
 2010  152      0  0.108E+03  0.242E+05  0.988E+01  0.570E-02  0.662E+00  0.255E+01  0.770E+00  0.325E-02  0.131E+00  0.659E+01  0.821E-01  0.000E+00  0.000E+00  0.000E+00  0.000E+00  0.000E+00  0.000E+00  0.000E+00  0.201E+02
 2010  153      0  0.104E+03  0.251E+05  0.102E+02  0.467E-03  0.671E+00  0.265E+01  0.792E+00  0.293E-03  0.000E+00  0.677E+01  0.147E-02  0.000E+00  0.000E+00  0.000E+00  0.000E+00  0.000E+00  0.000E+00  0.000E+00  0.198E+02
 2010  154      0  0.102E+03  0.256E+05  0.104E+02  0.944E-04  0.665E+00  0.270E+01  0.793E+00  0.305E-04  0.000E+00  0.685E+01  0.000E+00  0.000E+00  0.000E+00  0.000E+00  0.000E+00  0.000E+00  0.000E+00  0.000E+00  0.194E+02
 2010  155      0  0.994E+02  0.263E+05  0.102E+02  0.288E-04  0.852E+00  0.279E+01  0.949E+00  0.000E+00  0.000E+00  0.616E+01  0.000E+00  0.000E+00  0.000E+00  0.000E+00  0.000E+00  0.000E+00  0.000E+00  0.000E+00  0.215E+02
 2010  156      0  0.982E+02  0.266E+05  0.103E+02  0.101E-04  0.882E+00  0.284E+01  0.979E+00  0.000E+00  0.000E+00  0.607E+01  0.000E+00  0.000E+00  0.000E+00  0.000E+00  0.000E+00  0.000E+00  0.000E+00  0.000E+00  0.217E+02
 2010  157      0  0.103E+03  0.260E+05  0.974E+01  0.831E-02  0.885E+00  0.274E+01  0.998E+00  0.104E-01  0.127E+00  0.565E+01  0.238E-03  0.000E+00  0.000E+00  0.000E+00  0.000E+00  0.000E+00  0.000E+00  0.000E+00  0.228E+02
 2010  158      0  0.983E+02  0.266E+05  0.107E+02  0.162E-02  0.744E+00  0.284E+01  0.881E+00  0.123E-02  0.516E-01  0.649E+01  0.638E-01  0.000E+00  0.000E+00  0.000E+00  0.000E+00  0.000E+00  0.000E+00  0.000E+00  0.200E+02
 2010  159      0  0.137E+04  0.873E+03  0.248E+01  0.426E+00  0.920E-02  0.371E+00  0.478E-02  0.107E+00  0.108E+03  0.908E-01  0.313E+02  0.000E+00  0.000E+00  0.000E+00  0.000E+00  0.000E+00  0.000E+00  0.000E+00  0.195E+02
 2010  160      0  0.141E+03  0.196E+05  0.869E+01  0.230E+00  0.400E+00  0.197E+01  0.539E+00  0.588E-01  0.000E+00  0.738E+01  0.520E+01  0.000E+00  0.000E+00  0.000E+00  0.000E+00  0.000E+00  0.000E+00  0.000E+00  0.195E+02
 2010  161      0  0.106E+03  0.249E+05  0.102E+02  0.551E-01  0.616E+00  0.261E+01  0.774E+00  0.931E-02  0.000E+00  0.683E+01  0.267E+00  0.000E+00  0.000E+00  0.000E+00  0.000E+00  0.000E+00  0.000E+00  0.000E+00  0.197E+02
 2010  162      0  0.993E+02  0.264E+05  0.102E+02  0.160E-01  0.894E+00  0.281E+01  0.100E+01  0.218E-02  0.000E+00  0.593E+01  0.356E-02  0.000E+00  0.000E+00  0.000E+00  0.000E+00  0.000E+00  0.000E+00  0.000E+00  0.222E+02
 2010  163      0  0.105E+03  0.254E+05  0.969E+01  0.216E-01  0.861E+00  0.270E+01  0.976E+00  0.867E-02  0.699E+00  0.502E+01  0.117E+00  0.000E+00  0.000E+00  0.000E+00  0.000E+00  0.000E+00  0.000E+00  0.000E+00  0.227E+02
 2010  164      0  0.106E+03  0.250E+05  0.995E+01  0.374E-01  0.712E+00  0.270E+01  0.860E+00  0.679E-02  0.322E+01  0.333E+01  0.293E+00  0.000E+00  0.000E+00  0.000E+00  0.000E+00  0.000E+00  0.000E+00  0.000E+00  0.209E+02
 2010  165      0  0.945E+02  0.277E+05  0.105E+02  0.582E-02  0.102E+01  0.299E+01  0.112E+01  0.895E-03  0.000E+00  0.564E+01  0.405E-02  0.000E+00  0.000E+00  0.000E+00  0.000E+00  0.000E+00  0.000E+00  0.000E+00  0.227E+02
 2010  166      0  0.910E+02  0.287E+05  0.104E+02  0.160E-02  0.126E+01  0.307E+01  0.127E+01  0.198E-03  0.000E+00  0.514E+01  0.000E+00  0.000E+00  0.000E+00  0.000E+00  0.000E+00  0.000E+00  0.000E+00  0.000E+00  0.242E+02
 2010  167      0  0.115E+03  0.241E+05  0.861E+01  0.213E-01  0.727E+00  0.261E+01  0.103E+01  0.287E-01  0.413E+00  0.466E+01  0.545E-01  0.000E+00  0.000E+00  0.000E+00  0.000E+00  0.000E+00  0.000E+00  0.000E+00  0.255E+02
 2010  168      0  0.106E+04  0.149E+04  0.180E+01  0.159E+00  0.861E-02  0.410E+00  0.709E-02  0.809E-01  0.322E+02  0.101E+00  0.816E+01  0.000E+00  0.000E+00  0.000E+00  0.000E+00  0.000E+00  0.000E+00  0.000E+00  0.228E+02
 2010  169      0  0.113E+03  0.234E+05  0.859E+01  0.244E-01  0.109E+01  0.244E+01  0.110E+01  0.328E-01  0.181E-02  0.503E+01  0.728E-02  0.000E+00  0.000E+00  0.000E+00  0.000E+00  0.000E+00  0.000E+00  0.000E+00  0.264E+02
 2010  170      0  0.263E+04  0.534E+03  0.148E+01  0.272E+00  0.381E-02  0.218E+00  0.311E-02  0.707E-01  0.831E+02  0.918E-01  0.222E+02  0.000E+00  0.000E+00  0.000E+00  0.000E+00  0.000E+00  0.000E+00  0.000E+00  0.224E+02
 2010  171      0  0.176E+03  0.158E+05  0.691E+01  0.210E+00  0.399E+00  0.160E+01  0.532E+00  0.579E-01  0.000E+00  0.671E+01  0.731E+01  0.000E+00  0.000E+00  0.000E+00  0.000E+00  0.000E+00  0.000E+00  0.000E+00  0.232E+02
 2010  172      0  0.112E+03  0.235E+05  0.896E+01  0.572E-01  0.911E+00  0.247E+01  0.995E+00  0.116E-01  0.984E-03  0.553E+01  0.474E+00  0.000E+00  0.000E+00  0.000E+00  0.000E+00  0.000E+00  0.000E+00  0.000E+00  0.246E+02
 2010  173      0  0.102E+03  0.256E+05  0.955E+01  0.175E-01  0.102E+01  0.270E+01  0.110E+01  0.259E-02  0.000E+00  0.538E+01  0.104E-01  0.000E+00  0.000E+00  0.000E+00  0.000E+00  0.000E+00  0.000E+00  0.000E+00  0.244E+02
 2010  174      0  0.128E+04  0.748E+03  0.187E+01  0.238E+00  0.730E-02  0.237E+00  0.353E-02  0.397E-01  0.958E+02  0.919E-01  0.211E+02  0.000E+00  0.000E+00  0.000E+00  0.000E+00  0.000E+00  0.000E+00  0.000E+00  0.226E+02
 2010  175      0  0.218E+03  0.133E+05  0.578E+01  0.143E+00  0.754E-01  0.147E+01  0.198E+00  0.343E-01  0.168E+02  0.321E+00  0.564E+01  0.000E+00  0.000E+00  0.000E+00  0.000E+00  0.000E+00  0.000E+00  0.000E+00  0.213E+02
 2010  176      0  0.115E+03  0.229E+05  0.889E+01  0.419E-01  0.793E+00  0.241E+01  0.916E+00  0.701E-02  0.000E+00  0.582E+01  0.365E+00  0.000E+00  0.000E+00  0.000E+00  0.000E+00  0.000E+00  0.000E+00  0.000E+00  0.238E+02
 2010  177      0  0.125E+03  0.214E+05  0.825E+01  0.168E-01  0.632E+00  0.223E+01  0.824E+00  0.908E-02  0.239E+00  0.554E+01  0.979E-02  0.000E+00  0.000E+00  0.000E+00  0.000E+00  0.000E+00  0.000E+00  0.000E+00  0.241E+02
 2010  178      0  0.111E+03  0.238E+05  0.872E+01  0.139E-01  0.943E+00  0.261E+01  0.107E+01  0.470E-02  0.118E+01  0.377E+01  0.158E-01  0.000E+00  0.000E+00  0.000E+00  0.000E+00  0.000E+00  0.000E+00  0.000E+00  0.258E+02
 2010  179      0  0.191E+03  0.151E+05  0.597E+01  0.347E-01  0.152E+00  0.163E+01  0.368E+00  0.286E-01  0.255E+01  0.359E+01  0.450E+00  0.000E+00  0.000E+00  0.000E+00  0.000E+00  0.000E+00  0.000E+00  0.000E+00  0.240E+02
 2010  180      0  0.104E+03  0.252E+05  0.929E+01  0.284E-02  0.109E+01  0.266E+01  0.114E+01  0.260E-02  0.000E+00  0.515E+01  0.795E-02  0.000E+00  0.000E+00  0.000E+00  0.000E+00  0.000E+00  0.000E+00  0.000E+00  0.254E+02
 2010  181      0  0.982E+02  0.266E+05  0.930E+01  0.547E-03  0.140E+01  0.276E+01  0.133E+01  0.487E-03  0.000E+00  0.462E+01  0.166E-03  0.000E+00  0.000E+00  0.000E+00  0.000E+00  0.000E+00  0.000E+00  0.000E+00  0.269E+02
 2010  182      0  0.958E+02  0.273E+05  0.942E+01  0.169E-03  0.150E+01  0.283E+01  0.139E+01  0.249E-03  0.000E+00  0.450E+01  0.000E+00  0.000E+00  0.000E+00  0.000E+00  0.000E+00  0.000E+00  0.000E+00  0.000E+00  0.272E+02
 2010  183      0  0.938E+02  0.279E+05  0.956E+01  0.621E-04  0.156E+01  0.289E+01  0.143E+01  0.221E-03  0.000E+00  0.443E+01  0.000E+00  0.000E+00  0.000E+00  0.000E+00  0.000E+00  0.000E+00  0.000E+00  0.000E+00  0.272E+02
 2010  184      0  0.917E+02  0.285E+05  0.982E+01  0.240E-04  0.153E+01  0.298E+01  0.143E+01  0.000E+00  0.000E+00  0.451E+01  0.000E+00  0.000E+00  0.000E+00  0.000E+00  0.000E+00  0.000E+00  0.000E+00  0.000E+00  0.267E+02
 2010  185      0  0.897E+02  0.291E+05  0.977E+01  0.951E-05  0.174E+01  0.301E+01  0.154E+01  0.000E+00  0.000E+00  0.425E+01  0.000E+00  0.000E+00  0.000E+00  0.000E+00  0.000E+00  0.000E+00  0.000E+00  0.000E+00  0.276E+02
 2010  186      0  0.349E+03  0.894E+04  0.353E+01  0.822E-01  0.151E+00  0.112E+01  0.523E-01  0.345E-01  0.175E+02  0.165E+00  0.429E+01  0.000E+00  0.000E+00  0.000E+00  0.000E+00  0.000E+00  0.000E+00  0.000E+00  0.262E+02
 2010  187      0  0.104E+03  0.253E+05  0.943E+01  0.169E-01  0.102E+01  0.274E+01  0.111E+01  0.598E-02  0.619E+00  0.461E+01  0.114E+00  0.000E+00  0.000E+00  0.000E+00  0.000E+00  0.000E+00  0.000E+00  0.000E+00  0.243E+02
 2010  188      0  0.131E+03  0.207E+05  0.781E+01  0.183E-01  0.465E+00  0.249E+01  0.808E+00  0.149E-01  0.185E+01  0.334E+01  0.132E+00  0.000E+00  0.000E+00  0.000E+00  0.000E+00  0.000E+00  0.000E+00  0.000E+00  0.256E+02
 2010  189      0  0.109E+03  0.243E+05  0.880E+01  0.590E-02  0.107E+01  0.255E+01  0.114E+01  0.898E-02  0.837E-01  0.484E+01  0.105E-02  0.000E+00  0.000E+00  0.000E+00  0.000E+00  0.000E+00  0.000E+00  0.000E+00  0.264E+02
 2010  190      0  0.199E+03  0.143E+05  0.545E+01  0.416E-01  0.282E+00  0.162E+01  0.465E+00  0.235E-01  0.628E+01  0.134E+01  0.192E+01  0.000E+00  0.000E+00  0.000E+00  0.000E+00  0.000E+00  0.000E+00  0.000E+00  0.255E+02
 2010  191      0  0.927E+02  0.282E+05  0.970E+01  0.559E-02  0.155E+01  0.296E+01  0.143E+01  0.186E-02  0.000E+00  0.451E+01  0.415E-01  0.000E+00  0.000E+00  0.000E+00  0.000E+00  0.000E+00  0.000E+00  0.000E+00  0.268E+02
 2010  192      0  0.870E+02  0.300E+05  0.104E+02  0.126E-02  0.159E+01  0.320E+01  0.151E+01  0.453E-03  0.000E+00  0.449E+01  0.129E-02  0.000E+00  0.000E+00  0.000E+00  0.000E+00  0.000E+00  0.000E+00  0.000E+00  0.262E+02
 2010  193      0  0.845E+02  0.309E+05  0.110E+02  0.390E-03  0.148E+01  0.334E+01  0.147E+01  0.883E-04  0.000E+00  0.471E+01  0.000E+00  0.000E+00  0.000E+00  0.000E+00  0.000E+00  0.000E+00  0.000E+00  0.000E+00  0.251E+02
 2010  194      0  0.103E+03  0.255E+05  0.867E+01  0.209E-01  0.148E+01  0.277E+01  0.131E+01  0.563E-02  0.297E+01  0.215E+01  0.759E+00  0.000E+00  0.000E+00  0.000E+00  0.000E+00  0.000E+00  0.000E+00  0.000E+00  0.268E+02
 2010  195      0  0.823E+02  0.318E+05  0.112E+02  0.233E-02  0.154E+01  0.345E+01  0.152E+01  0.839E-03  0.368E-04  0.468E+01  0.143E-01  0.000E+00  0.000E+00  0.000E+00  0.000E+00  0.000E+00  0.000E+00  0.000E+00  0.249E+02
 2010  196      0  0.204E+03  0.138E+05  0.564E+01  0.471E-01  0.116E+00  0.166E+01  0.291E+00  0.379E-01  0.357E+01  0.264E+01  0.661E+00  0.000E+00  0.000E+00  0.000E+00  0.000E+00  0.000E+00  0.000E+00  0.000E+00  0.251E+02
 2010  197      0  0.810E+02  0.323E+05  0.111E+02  0.191E-02  0.174E+01  0.344E+01  0.162E+01  0.307E-02  0.000E+00  0.436E+01  0.000E+00  0.000E+00  0.000E+00  0.000E+00  0.000E+00  0.000E+00  0.000E+00  0.000E+00  0.260E+02
 2010  198      0  0.761E+02  0.343E+05  0.114E+02  0.181E-03  0.198E+01  0.364E+01  0.177E+01  0.502E-03  0.000E+00  0.413E+01  0.000E+00  0.000E+00  0.000E+00  0.000E+00  0.000E+00  0.000E+00  0.000E+00  0.000E+00  0.263E+02
 2010  199      0  0.740E+02  0.353E+05  0.116E+02  0.319E-04  0.210E+01  0.375E+01  0.185E+01  0.285E-03  0.000E+00  0.402E+01  0.000E+00  0.000E+00  0.000E+00  0.000E+00  0.000E+00  0.000E+00  0.000E+00  0.000E+00  0.265E+02
 2010  200      0  0.738E+02  0.354E+05  0.116E+02  0.732E-03  0.218E+01  0.377E+01  0.188E+01  0.200E-02  0.103E-02  0.395E+01  0.000E+00  0.000E+00  0.000E+00  0.000E+00  0.000E+00  0.000E+00  0.000E+00  0.000E+00  0.267E+02
 2010  201      0  0.946E+02  0.281E+05  0.969E+01  0.109E-01  0.140E+01  0.301E+01  0.142E+01  0.160E-01  0.277E+00  0.415E+01  0.143E+00  0.000E+00  0.000E+00  0.000E+00  0.000E+00  0.000E+00  0.000E+00  0.000E+00  0.268E+02
 2010  202      0  0.710E+02  0.368E+05  0.119E+02  0.332E-03  0.232E+01  0.390E+01  0.198E+01  0.648E-03  0.000E+00  0.383E+01  0.293E-02  0.000E+00  0.000E+00  0.000E+00  0.000E+00  0.000E+00  0.000E+00  0.000E+00  0.269E+02
 2010  203      0  0.689E+02  0.379E+05  0.123E+02  0.429E-04  0.235E+01  0.406E+01  0.202E+01  0.311E-03  0.000E+00  0.385E+01  0.731E-04  0.000E+00  0.000E+00  0.000E+00  0.000E+00  0.000E+00  0.000E+00  0.000E+00  0.264E+02
 2010  204      0  0.696E+02  0.376E+05  0.122E+02  0.416E-02  0.232E+01  0.403E+01  0.199E+01  0.207E-02  0.200E+00  0.370E+01  0.126E+00  0.000E+00  0.000E+00  0.000E+00  0.000E+00  0.000E+00  0.000E+00  0.000E+00  0.263E+02
 2010  205      0  0.665E+02  0.393E+05  0.127E+02  0.418E-03  0.246E+01  0.424E+01  0.210E+01  0.838E-03  0.796E-03  0.379E+01  0.270E-02  0.000E+00  0.000E+00  0.000E+00  0.000E+00  0.000E+00  0.000E+00  0.000E+00  0.263E+02
 2010  206      0  0.724E+02  0.362E+05  0.120E+02  0.671E-02  0.216E+01  0.393E+01  0.192E+01  0.123E-01  0.300E-01  0.392E+01  0.584E-03  0.000E+00  0.000E+00  0.000E+00  0.000E+00  0.000E+00  0.000E+00  0.000E+00  0.264E+02
 2010  207      0  0.647E+02  0.404E+05  0.132E+02  0.981E-03  0.242E+01  0.442E+01  0.212E+01  0.127E-02  0.343E-01  0.383E+01  0.268E-01  0.000E+00  0.000E+00  0.000E+00  0.000E+00  0.000E+00  0.000E+00  0.000E+00  0.256E+02
 2010  208      0  0.625E+02  0.418E+05  0.131E+02  0.647E-04  0.279E+01  0.451E+01  0.231E+01  0.546E-03  0.751E-05  0.354E+01  0.290E-03  0.000E+00  0.000E+00  0.000E+00  0.000E+00  0.000E+00  0.000E+00  0.000E+00  0.267E+02
 2010  209      0  0.606E+02  0.432E+05  0.133E+02  0.387E-05  0.296E+01  0.464E+01  0.241E+01  0.319E-03  0.000E+00  0.343E+01  0.000E+00  0.000E+00  0.000E+00  0.000E+00  0.000E+00  0.000E+00  0.000E+00  0.000E+00  0.269E+02
 2010  210      0  0.587E+02  0.445E+05  0.136E+02  0.000E+00  0.313E+01  0.478E+01  0.251E+01  0.000E+00  0.000E+00  0.333E+01  0.000E+00  0.000E+00  0.000E+00  0.000E+00  0.000E+00  0.000E+00  0.000E+00  0.000E+00  0.270E+02
 2010  211      0  0.573E+02  0.456E+05  0.138E+02  0.000E+00  0.323E+01  0.492E+01  0.258E+01  0.000E+00  0.000E+00  0.327E+01  0.000E+00  0.000E+00  0.000E+00  0.000E+00  0.000E+00  0.000E+00  0.000E+00  0.000E+00  0.269E+02
 2010  212      0  0.580E+02  0.450E+05  0.135E+02  0.393E-02  0.327E+01  0.487E+01  0.258E+01  0.268E-02  0.185E+00  0.310E+01  0.108E+00  0.000E+00  0.000E+00  0.000E+00  0.000E+00  0.000E+00  0.000E+00  0.000E+00  0.271E+02
 2010  213      0  0.546E+02  0.478E+05  0.143E+02  0.178E-03  0.348E+01  0.518E+01  0.274E+01  0.168E-03  0.000E+00  0.315E+01  0.238E-02  0.000E+00  0.000E+00  0.000E+00  0.000E+00  0.000E+00  0.000E+00  0.000E+00  0.269E+02
 2010  214      0  0.528E+02  0.495E+05  0.142E+02  0.200E-04  0.393E+01  0.530E+01  0.295E+01  0.610E-04  0.000E+00  0.290E+01  0.134E-03  0.000E+00  0.000E+00  0.000E+00  0.000E+00  0.000E+00  0.000E+00  0.000E+00  0.278E+02
 2010  215      0  0.514E+02  0.508E+05  0.143E+02  0.337E-05  0.421E+01  0.543E+01  0.310E+01  0.129E-04  0.000E+00  0.275E+01  0.000E+00  0.000E+00  0.000E+00  0.000E+00  0.000E+00  0.000E+00  0.000E+00  0.000E+00  0.283E+02
 2010  216      0  0.501E+02  0.522E+05  0.142E+02  0.000E+00  0.460E+01  0.556E+01  0.329E+01  0.000E+00  0.000E+00  0.259E+01  0.000E+00  0.000E+00  0.000E+00  0.000E+00  0.000E+00  0.000E+00  0.000E+00  0.000E+00  0.288E+02
 2010  217      0  0.112E+03  0.236E+05  0.684E+01  0.623E-01  0.169E+01  0.286E+01  0.139E+01  0.162E-01  0.101E+02  0.314E+00  0.360E+01  0.000E+00  0.000E+00  0.000E+00  0.000E+00  0.000E+00  0.000E+00  0.000E+00  0.284E+02
 2010  218      0  0.638E+02  0.410E+05  0.126E+02  0.285E-01  0.266E+01  0.482E+01  0.229E+01  0.154E-01  0.176E+01  0.234E+01  0.333E+00  0.000E+00  0.000E+00  0.000E+00  0.000E+00  0.000E+00  0.000E+00  0.000E+00  0.261E+02
 2010  219      0  0.495E+02  0.528E+05  0.157E+02  0.292E-02  0.379E+01  0.589E+01  0.301E+01  0.152E-02  0.253E-04  0.307E+01  0.914E-02  0.000E+00  0.000E+00  0.000E+00  0.000E+00  0.000E+00  0.000E+00  0.000E+00  0.261E+02
 2010  220      0  0.666E+02  0.396E+05  0.126E+02  0.845E-02  0.241E+01  0.435E+01  0.221E+01  0.188E-01  0.561E-01  0.353E+01  0.132E-02  0.000E+00  0.000E+00  0.000E+00  0.000E+00  0.000E+00  0.000E+00  0.000E+00  0.269E+02
 2010  221      0  0.468E+02  0.558E+05  0.156E+02  0.231E-03  0.460E+01  0.612E+01  0.341E+01  0.681E-03  0.000E+00  0.264E+01  0.689E-04  0.000E+00  0.000E+00  0.000E+00  0.000E+00  0.000E+00  0.000E+00  0.000E+00  0.277E+02
 2010  222      0  0.446E+02  0.585E+05  0.160E+02  0.755E-04  0.499E+01  0.646E+01  0.366E+01  0.506E-03  0.462E-05  0.248E+01  0.000E+00  0.000E+00  0.000E+00  0.000E+00  0.000E+00  0.000E+00  0.000E+00  0.000E+00  0.280E+02
 2010  223      0  0.425E+02  0.615E+05  0.166E+02  0.275E-04  0.518E+01  0.680E+01  0.380E+01  0.000E+00  0.000E+00  0.245E+01  0.000E+00  0.000E+00  0.000E+00  0.000E+00  0.000E+00  0.000E+00  0.000E+00  0.000E+00  0.276E+02
 2010  224      0  0.407E+02  0.642E+05  0.171E+02  0.111E-04  0.545E+01  0.711E+01  0.399E+01  0.000E+00  0.000E+00  0.234E+01  0.000E+00  0.000E+00  0.000E+00  0.000E+00  0.000E+00  0.000E+00  0.000E+00  0.000E+00  0.278E+02
 2010  225      0  0.391E+02  0.667E+05  0.177E+02  0.450E-05  0.559E+01  0.745E+01  0.412E+01  0.000E+00  0.000E+00  0.232E+01  0.000E+00  0.000E+00  0.000E+00  0.000E+00  0.000E+00  0.000E+00  0.000E+00  0.000E+00  0.274E+02
 2010  226      0  0.380E+02  0.687E+05  0.179E+02  0.185E-05  0.591E+01  0.771E+01  0.432E+01  0.000E+00  0.000E+00  0.222E+01  0.000E+00  0.000E+00  0.000E+00  0.000E+00  0.000E+00  0.000E+00  0.000E+00  0.000E+00  0.276E+02
 2010  227      0  0.382E+02  0.685E+05  0.174E+02  0.404E-02  0.609E+01  0.773E+01  0.441E+01  0.328E-02  0.170E+00  0.205E+01  0.337E-01  0.000E+00  0.000E+00  0.000E+00  0.000E+00  0.000E+00  0.000E+00  0.000E+00  0.280E+02
 2010  228      0  0.723E+02  0.364E+05  0.105E+02  0.679E-01  0.234E+01  0.466E+01  0.204E+01  0.176E-01  0.117E+02  0.288E+00  0.259E+01  0.000E+00  0.000E+00  0.000E+00  0.000E+00  0.000E+00  0.000E+00  0.000E+00  0.257E+02
 2010  229      0  0.618E+02  0.426E+05  0.135E+02  0.208E-01  0.232E+01  0.501E+01  0.243E+01  0.333E-01  0.116E+00  0.332E+01  0.916E-01  0.000E+00  0.000E+00  0.000E+00  0.000E+00  0.000E+00  0.000E+00  0.000E+00  0.262E+02
 2010  230      0  0.364E+02  0.717E+05  0.189E+02  0.191E-02  0.592E+01  0.818E+01  0.441E+01  0.174E-02  0.000E+00  0.225E+01  0.157E-02  0.000E+00  0.000E+00  0.000E+00  0.000E+00  0.000E+00  0.000E+00  0.000E+00  0.269E+02
 2010  231      0  0.507E+02  0.520E+05  0.157E+02  0.181E-01  0.312E+01  0.609E+01  0.305E+01  0.457E-01  0.647E-01  0.288E+01  0.674E-03  0.000E+00  0.000E+00  0.000E+00  0.000E+00  0.000E+00  0.000E+00  0.000E+00  0.265E+02
 2010  232      0  0.359E+03  0.820E+04  0.356E+01  0.133E+00  0.327E-01  0.114E+01  0.373E-01  0.397E-01  0.297E+02  0.102E+00  0.102E+02  0.000E+00  0.000E+00  0.000E+00  0.000E+00  0.000E+00  0.000E+00  0.000E+00  0.228E+02
 2010  233      0  0.502E+02  0.522E+05  0.149E+02  0.393E-01  0.398E+01  0.589E+01  0.305E+01  0.196E-01  0.000E+00  0.309E+01  0.254E+00  0.000E+00  0.000E+00  0.000E+00  0.000E+00  0.000E+00  0.000E+00  0.000E+00  0.259E+02
 2010  234      0  0.340E+02  0.769E+05  0.196E+02  0.720E-02  0.652E+01  0.892E+01  0.485E+01  0.401E-02  0.363E-05  0.207E+01  0.320E-02  0.000E+00  0.000E+00  0.000E+00  0.000E+00  0.000E+00  0.000E+00  0.000E+00  0.269E+02
 2010  235      0  0.126E+03  0.216E+05  0.820E+01  0.794E-01  0.312E+00  0.287E+01  0.846E+00  0.883E-01  0.170E+01  0.304E+01  0.435E+00  0.000E+00  0.000E+00  0.000E+00  0.000E+00  0.000E+00  0.000E+00  0.000E+00  0.268E+02
 2010  236      0  0.484E+02  0.540E+05  0.164E+02  0.172E-01  0.323E+01  0.655E+01  0.327E+01  0.374E-01  0.746E-01  0.271E+01  0.320E-02  0.000E+00  0.000E+00  0.000E+00  0.000E+00  0.000E+00  0.000E+00  0.000E+00  0.266E+02
 2010  237      0  0.326E+02  0.800E+05  0.224E+02  0.163E-02  0.601E+01  0.965E+01  0.473E+01  0.556E-02  0.799E-03  0.230E+01  0.000E+00  0.000E+00  0.000E+00  0.000E+00  0.000E+00  0.000E+00  0.000E+00  0.000E+00  0.250E+02
 2010  238      0  0.983E+02  0.273E+05  0.983E+01  0.108E+00  0.834E+00  0.352E+01  0.113E+01  0.453E-01  0.149E+02  0.318E+00  0.550E+01  0.000E+00  0.000E+00  0.000E+00  0.000E+00  0.000E+00  0.000E+00  0.000E+00  0.221E+02
 2010  239      0  0.411E+02  0.637E+05  0.203E+02  0.401E-01  0.334E+01  0.800E+01  0.309E+01  0.151E-01  0.320E+01  0.200E+01  0.500E+00  0.000E+00  0.000E+00  0.000E+00  0.000E+00  0.000E+00  0.000E+00  0.000E+00  0.212E+02
 2010  240      0  0.295E+02  0.885E+05  0.251E+02  0.670E-02  0.579E+01  0.107E+02  0.478E+01  0.269E-02  0.182E-05  0.248E+01  0.377E-02  0.000E+00  0.000E+00  0.000E+00  0.000E+00  0.000E+00  0.000E+00  0.000E+00  0.229E+02
 2010  241      0  0.252E+02  0.103E+06  0.271E+02  0.180E-02  0.734E+01  0.127E+02  0.585E+01  0.119E-02  0.000E+00  0.205E+01  0.000E+00  0.000E+00  0.000E+00  0.000E+00  0.000E+00  0.000E+00  0.000E+00  0.000E+00  0.236E+02
 2010  242      0  0.229E+02  0.113E+06  0.284E+02  0.694E-03  0.859E+01  0.144E+02  0.681E+01  0.410E-03  0.000E+00  0.172E+01  0.000E+00  0.000E+00  0.000E+00  0.000E+00  0.000E+00  0.000E+00  0.000E+00  0.000E+00  0.242E+02
 2010  243      0  0.207E+02  0.125E+06  0.290E+02  0.247E-03  0.101E+02  0.161E+02  0.802E+01  0.281E-03  0.000E+00  0.123E+01  0.000E+00  0.000E+00  0.000E+00  0.000E+00  0.000E+00  0.000E+00  0.000E+00  0.000E+00  0.251E+02
 2010  244      0  0.186E+02  0.140E+06  0.298E+02  0.117E-03  0.120E+02  0.182E+02  0.955E+01  0.256E-03  0.000E+00  0.681E+00  0.000E+00  0.000E+00  0.000E+00  0.000E+00  0.000E+00  0.000E+00  0.000E+00  0.000E+00  0.257E+02
 2010  245      0  0.210E+02  0.125E+06  0.292E+02  0.156E-01  0.955E+01  0.173E+02  0.811E+01  0.193E-01  0.445E+00  0.117E+01  0.000E+00  0.000E+00  0.000E+00  0.000E+00  0.000E+00  0.000E+00  0.000E+00  0.000E+00  0.245E+02
 2010  246      0  0.170E+03  0.159E+05  0.504E+01  0.161E+00  0.786E+00  0.225E+01  0.829E+00  0.414E-01  0.278E+02  0.102E+00  0.115E+02  0.000E+00  0.000E+00  0.000E+00  0.000E+00  0.000E+00  0.000E+00  0.000E+00  0.233E+02
 2010  247      0  0.138E+03  0.197E+05  0.571E+01  0.214E+00  0.804E+00  0.325E+01  0.955E+00  0.508E-01  0.345E+02  0.937E-01  0.110E+02  0.000E+00  0.000E+00  0.000E+00  0.000E+00  0.000E+00  0.000E+00  0.000E+00  0.238E+02
 2010  248      0  0.276E+02  0.948E+05  0.208E+02  0.766E-01  0.798E+01  0.127E+02  0.651E+01  0.306E-01  0.206E-02  0.156E+01  0.000E+00  0.000E+00  0.000E+00  0.000E+00  0.000E+00  0.000E+00  0.000E+00  0.000E+00  0.253E+02
 2010  249      0  0.374E+02  0.704E+05  0.189E+02  0.468E-01  0.460E+01  0.940E+01  0.451E+01  0.611E-01  0.239E+01  0.133E+01  0.342E+00  0.000E+00  0.000E+00  0.000E+00  0.000E+00  0.000E+00  0.000E+00  0.000E+00  0.260E+02
 2010  250      0  0.170E+02  0.153E+06  0.298E+02  0.113E-01  0.129E+02  0.214E+02  0.112E+02  0.819E-02  0.000E+00  0.499E+00  0.000E+00  0.000E+00  0.000E+00  0.000E+00  0.000E+00  0.000E+00  0.000E+00  0.000E+00  0.265E+02
 2010  251      0  0.204E+02  0.127E+06  0.292E+02  0.750E-02  0.110E+02  0.171E+02  0.879E+01  0.312E-01  0.951E-03  0.859E+00  0.000E+00  0.000E+00  0.000E+00  0.000E+00  0.000E+00  0.000E+00  0.000E+00  0.000E+00  0.255E+02
 2010  252      0  0.260E+02  0.100E+06  0.261E+02  0.137E-01  0.654E+01  0.138E+02  0.650E+01  0.371E-01  0.393E-01  0.171E+01  0.000E+00  0.000E+00  0.000E+00  0.000E+00  0.000E+00  0.000E+00  0.000E+00  0.000E+00  0.248E+02
 2010  253      0  0.163E+02  0.159E+06  0.350E+02  0.737E-03  0.130E+02  0.226E+02  0.109E+02  0.292E-02  0.270E-05  0.585E+00  0.000E+00  0.000E+00  0.000E+00  0.000E+00  0.000E+00  0.000E+00  0.000E+00  0.000E+00  0.241E+02
 2010  254      0  0.152E+02  0.171E+06  0.381E+02  0.234E-03  0.130E+02  0.246E+02  0.113E+02  0.134E-02  0.000E+00  0.594E+00  0.000E+00  0.000E+00  0.000E+00  0.000E+00  0.000E+00  0.000E+00  0.000E+00  0.000E+00  0.231E+02
 2010  255      0  0.142E+02  0.183E+06  0.372E+02  0.901E-04  0.144E+02  0.274E+02  0.130E+02  0.120E-02  0.104E-04  0.469E+00  0.000E+00  0.000E+00  0.000E+00  0.000E+00  0.000E+00  0.000E+00  0.000E+00  0.000E+00  0.244E+02
 2010  256      0  0.308E+02  0.849E+05  0.238E+02  0.360E-01  0.434E+01  0.122E+02  0.542E+01  0.918E-01  0.104E+00  0.192E+01  0.000E+00  0.000E+00  0.000E+00  0.000E+00  0.000E+00  0.000E+00  0.000E+00  0.000E+00  0.248E+02
 2010  257      0  0.124E+02  0.210E+06  0.377E+02  0.135E-02  0.166E+02  0.311E+02  0.154E+02  0.100E-01  0.257E-04  0.306E+00  0.000E+00  0.000E+00  0.000E+00  0.000E+00  0.000E+00  0.000E+00  0.000E+00  0.000E+00  0.250E+02
 2010  258      0  0.110E+02  0.236E+06  0.378E+02  0.117E-03  0.160E+02  0.385E+02  0.178E+02  0.249E-02  0.000E+00  0.307E+00  0.000E+00  0.000E+00  0.000E+00  0.000E+00  0.000E+00  0.000E+00  0.000E+00  0.000E+00  0.256E+02
 2010  259      0  0.982E+01  0.264E+06  0.376E+02  0.135E-04  0.181E+02  0.435E+02  0.211E+02  0.194E-02  0.000E+00  0.229E+00  0.000E+00  0.000E+00  0.000E+00  0.000E+00  0.000E+00  0.000E+00  0.000E+00  0.000E+00  0.266E+02
 2010  260      0  0.173E+02  0.150E+06  0.295E+02  0.421E-02  0.131E+02  0.200E+02  0.109E+02  0.312E-01  0.929E-03  0.487E+00  0.000E+00  0.000E+00  0.000E+00  0.000E+00  0.000E+00  0.000E+00  0.000E+00  0.000E+00  0.266E+02
 2010  261      0  0.996E+01  0.260E+06  0.372E+02  0.195E-04  0.184E+02  0.421E+02  0.212E+02  0.250E-02  0.000E+00  0.177E+00  0.000E+00  0.000E+00  0.000E+00  0.000E+00  0.000E+00  0.000E+00  0.000E+00  0.000E+00  0.268E+02
 2010  262      0  0.900E+01  0.288E+06  0.393E+02  0.000E+00  0.194E+02  0.467E+02  0.228E+02  0.202E-02  0.000E+00  0.160E+00  0.000E+00  0.000E+00  0.000E+00  0.000E+00  0.000E+00  0.000E+00  0.000E+00  0.000E+00  0.262E+02
 2010  263      0  0.810E+01  0.320E+06  0.389E+02  0.000E+00  0.212E+02  0.525E+02  0.258E+02  0.000E+00  0.000E+00  0.174E+00  0.000E+00  0.000E+00  0.000E+00  0.000E+00  0.000E+00  0.000E+00  0.000E+00  0.000E+00  0.266E+02
 2010  264      0  0.875E+01  0.297E+06  0.420E+02  0.828E-02  0.178E+02  0.540E+02  0.232E+02  0.823E-02  0.242E+00  0.164E+00  0.000E+00  0.000E+00  0.000E+00  0.000E+00  0.000E+00  0.000E+00  0.000E+00  0.000E+00  0.250E+02
 2010  265      0  0.221E+03  0.129E+05  0.573E+01  0.119E+00  0.154E+00  0.148E+01  0.110E+00  0.751E-01  0.992E+01  0.113E+01  0.280E+01  0.000E+00  0.000E+00  0.000E+00  0.000E+00  0.000E+00  0.000E+00  0.000E+00  0.208E+02
 2010  266      0  0.198E+02  0.132E+06  0.387E+02  0.203E-01  0.727E+01  0.180E+02  0.646E+01  0.271E-01  0.426E-01  0.242E+01  0.000E+00  0.000E+00  0.000E+00  0.000E+00  0.000E+00  0.000E+00  0.000E+00  0.000E+00  0.179E+02
 2010  267      0  0.150E+02  0.173E+06  0.437E+02  0.656E-02  0.111E+02  0.250E+02  0.961E+01  0.775E-02  0.177E+00  0.128E+01  0.000E+00  0.000E+00  0.000E+00  0.000E+00  0.000E+00  0.000E+00  0.000E+00  0.000E+00  0.194E+02
 2010  268      0  0.394E+02  0.674E+05  0.226E+02  0.668E-01  0.191E+01  0.951E+01  0.287E+01  0.733E-01  0.312E+01  0.223E+01  0.337E+00  0.000E+00  0.000E+00  0.000E+00  0.000E+00  0.000E+00  0.000E+00  0.000E+00  0.194E+02
 2010  269      0  0.563E+02  0.469E+05  0.162E+02  0.942E-01  0.122E+01  0.673E+01  0.180E+01  0.541E-01  0.108E+02  0.829E+00  0.176E+01  0.000E+00  0.000E+00  0.000E+00  0.000E+00  0.000E+00  0.000E+00  0.000E+00  0.187E+02
 2010  270      0  0.886E+02  0.301E+05  0.120E+02  0.886E-01  0.395E+00  0.379E+01  0.838E+00  0.548E-01  0.877E+01  0.138E+01  0.137E+01  0.000E+00  0.000E+00  0.000E+00  0.000E+00  0.000E+00  0.000E+00  0.000E+00  0.188E+02
 2010  271      0  0.827E+02  0.323E+05  0.120E+02  0.125E+00  0.401E+00  0.485E+01  0.857E+00  0.563E-01  0.175E+02  0.312E+00  0.262E+01  0.000E+00  0.000E+00  0.000E+00  0.000E+00  0.000E+00  0.000E+00  0.000E+00  0.193E+02
 2010  272      0  0.501E+02  0.526E+05  0.195E+02  0.600E-01  0.138E+01  0.662E+01  0.190E+01  0.455E-01  0.415E+01  0.257E+01  0.507E+00  0.000E+00  0.000E+00  0.000E+00  0.000E+00  0.000E+00  0.000E+00  0.000E+00  0.180E+02
 2010  273      0  0.275E+02  0.950E+05  0.286E+02  0.151E-01  0.536E+01  0.121E+02  0.469E+01  0.879E-02  0.693E+00  0.254E+01  0.389E-01  0.000E+00  0.000E+00  0.000E+00  0.000E+00  0.000E+00  0.000E+00  0.000E+00  0.200E+02
 2010  274      0  0.241E+02  0.108E+06  0.315E+02  0.238E-02  0.657E+01  0.140E+02  0.558E+01  0.193E-02  0.192E-04  0.246E+01  0.000E+00  0.000E+00  0.000E+00  0.000E+00  0.000E+00  0.000E+00  0.000E+00  0.000E+00  0.204E+02
 2010  275      0  0.232E+02  0.112E+06  0.347E+02  0.293E-02  0.573E+01  0.146E+02  0.520E+01  0.204E-02  0.121E+00  0.281E+01  0.000E+00  0.000E+00  0.000E+00  0.000E+00  0.000E+00  0.000E+00  0.000E+00  0.000E+00  0.181E+02
 2010  276      0  0.211E+02  0.123E+06  0.345E+02  0.353E-03  0.711E+01  0.158E+02  0.609E+01  0.308E-03  0.536E-04  0.237E+01  0.000E+00  0.000E+00  0.000E+00  0.000E+00  0.000E+00  0.000E+00  0.000E+00  0.000E+00  0.196E+02
 2010  277      0  0.202E+02  0.129E+06  0.357E+02  0.118E-03  0.740E+01  0.166E+02  0.634E+01  0.177E-03  0.000E+00  0.234E+01  0.000E+00  0.000E+00  0.000E+00  0.000E+00  0.000E+00  0.000E+00  0.000E+00  0.000E+00  0.192E+02
 2010  278      0  0.193E+02  0.135E+06  0.368E+02  0.417E-04  0.789E+01  0.177E+02  0.676E+01  0.131E-03  0.000E+00  0.220E+01  0.000E+00  0.000E+00  0.000E+00  0.000E+00  0.000E+00  0.000E+00  0.000E+00  0.000E+00  0.193E+02
 2010  279      0  0.189E+02  0.138E+06  0.370E+02  0.180E-04  0.845E+01  0.184E+02  0.715E+01  0.121E-03  0.000E+00  0.207E+01  0.000E+00  0.000E+00  0.000E+00  0.000E+00  0.000E+00  0.000E+00  0.000E+00  0.000E+00  0.196E+02
 2010  280      0  0.189E+02  0.138E+06  0.396E+02  0.699E-05  0.772E+01  0.187E+02  0.676E+01  0.100E-03  0.000E+00  0.235E+01  0.000E+00  0.000E+00  0.000E+00  0.000E+00  0.000E+00  0.000E+00  0.000E+00  0.000E+00  0.180E+02
 2010  281      0  0.177E+02  0.147E+06  0.378E+02  0.283E-05  0.923E+01  0.199E+02  0.785E+01  0.109E-03  0.000E+00  0.183E+01  0.000E+00  0.000E+00  0.000E+00  0.000E+00  0.000E+00  0.000E+00  0.000E+00  0.000E+00  0.200E+02
 2010  282      0  0.175E+02  0.149E+06  0.374E+02  0.112E-05  0.989E+01  0.206E+02  0.838E+01  0.000E+00  0.000E+00  0.160E+01  0.000E+00  0.000E+00  0.000E+00  0.000E+00  0.000E+00  0.000E+00  0.000E+00  0.000E+00  0.207E+02
 2010  283      0  0.349E+02  0.755E+05  0.260E+02  0.351E-01  0.264E+01  0.975E+01  0.319E+01  0.618E-01  0.323E+00  0.367E+01  0.372E-01  0.000E+00  0.000E+00  0.000E+00  0.000E+00  0.000E+00  0.000E+00  0.000E+00  0.184E+02
 2010  284      0  0.546E+02  0.485E+05  0.173E+02  0.686E-01  0.147E+01  0.635E+01  0.196E+01  0.607E-01  0.471E+01  0.198E+01  0.109E+01  0.000E+00  0.000E+00  0.000E+00  0.000E+00  0.000E+00  0.000E+00  0.000E+00  0.200E+02
 2010  285      0  0.371E+02  0.710E+05  0.237E+02  0.556E-01  0.246E+01  0.976E+01  0.307E+01  0.556E-01  0.288E+01  0.230E+01  0.188E+00  0.000E+00  0.000E+00  0.000E+00  0.000E+00  0.000E+00  0.000E+00  0.000E+00  0.191E+02
 2010  286      0  0.336E+02  0.781E+05  0.263E+02  0.297E-01  0.314E+01  0.100E+02  0.344E+01  0.425E-01  0.502E+00  0.341E+01  0.108E+00  0.000E+00  0.000E+00  0.000E+00  0.000E+00  0.000E+00  0.000E+00  0.000E+00  0.186E+02
 2010  287      0  0.172E+03  0.160E+05  0.724E+01  0.112E+00  0.742E-01  0.170E+01  0.189E+00  0.562E-01  0.122E+02  0.116E+01  0.266E+01  0.000E+00  0.000E+00  0.000E+00  0.000E+00  0.000E+00  0.000E+00  0.000E+00  0.170E+02
 2010  288      0  0.336E+02  0.779E+05  0.263E+02  0.205E-01  0.330E+01  0.962E+01  0.327E+01  0.125E-01  0.000E+00  0.405E+01  0.729E-01  0.000E+00  0.000E+00  0.000E+00  0.000E+00  0.000E+00  0.000E+00  0.000E+00  0.178E+02
 2010  289      0  0.284E+02  0.920E+05  0.298E+02  0.425E-02  0.426E+01  0.115E+02  0.404E+01  0.265E-02  0.000E+00  0.348E+01  0.437E-02  0.000E+00  0.000E+00  0.000E+00  0.000E+00  0.000E+00  0.000E+00  0.000E+00  0.180E+02
 2010  290      0  0.264E+02  0.989E+05  0.291E+02  0.118E-02  0.573E+01  0.124E+02  0.493E+01  0.116E-02  0.000E+00  0.272E+01  0.000E+00  0.000E+00  0.000E+00  0.000E+00  0.000E+00  0.000E+00  0.000E+00  0.000E+00  0.203E+02
 2010  291      0  0.259E+02  0.101E+06  0.308E+02  0.407E-03  0.542E+01  0.129E+02  0.483E+01  0.644E-03  0.000E+00  0.290E+01  0.000E+00  0.000E+00  0.000E+00  0.000E+00  0.000E+00  0.000E+00  0.000E+00  0.000E+00  0.192E+02
 2010  292      0  0.247E+02  0.106E+06  0.310E+02  0.152E-03  0.597E+01  0.134E+02  0.519E+01  0.171E-03  0.000E+00  0.268E+01  0.000E+00  0.000E+00  0.000E+00  0.000E+00  0.000E+00  0.000E+00  0.000E+00  0.000E+00  0.198E+02
 2010  293      0  0.244E+02  0.107E+06  0.325E+02  0.597E-04  0.564E+01  0.137E+02  0.504E+01  0.115E-03  0.000E+00  0.289E+01  0.000E+00  0.000E+00  0.000E+00  0.000E+00  0.000E+00  0.000E+00  0.000E+00  0.000E+00  0.186E+02
 2010  294      0  0.237E+02  0.110E+06  0.334E+02  0.238E-04  0.566E+01  0.141E+02  0.509E+01  0.936E-04  0.000E+00  0.291E+01  0.000E+00  0.000E+00  0.000E+00  0.000E+00  0.000E+00  0.000E+00  0.000E+00  0.000E+00  0.182E+02
 2010  295      0  0.233E+02  0.112E+06  0.323E+02  0.195E-04  0.654E+01  0.145E+02  0.561E+01  0.583E-03  0.345E-05  0.254E+01  0.000E+00  0.000E+00  0.000E+00  0.000E+00  0.000E+00  0.000E+00  0.000E+00  0.000E+00  0.196E+02
 2010  296      0  0.232E+02  0.113E+06  0.337E+02  0.559E-05  0.608E+01  0.147E+02  0.540E+01  0.492E-03  0.152E-05  0.273E+01  0.000E+00  0.000E+00  0.000E+00  0.000E+00  0.000E+00  0.000E+00  0.000E+00  0.000E+00  0.186E+02
 2010  297      0  0.227E+02  0.115E+06  0.331E+02  0.150E-05  0.677E+01  0.151E+02  0.584E+01  0.000E+00  0.000E+00  0.245E+01  0.000E+00  0.000E+00  0.000E+00  0.000E+00  0.000E+00  0.000E+00  0.000E+00  0.000E+00  0.196E+02
 2010  298      0  0.265E+02  0.986E+05  0.317E+02  0.310E-01  0.450E+01  0.130E+02  0.420E+01  0.122E-01  0.197E+01  0.272E+01  0.269E+00  0.000E+00  0.000E+00  0.000E+00  0.000E+00  0.000E+00  0.000E+00  0.000E+00  0.163E+02
 2010  299      0  0.224E+02  0.116E+06  0.382E+02  0.217E-02  0.465E+01  0.151E+02  0.462E+01  0.101E-02  0.000E+00  0.366E+01  0.000E+00  0.000E+00  0.000E+00  0.000E+00  0.000E+00  0.000E+00  0.000E+00  0.000E+00  0.148E+02
 2010  300      0  0.218E+02  0.120E+06  0.410E+02  0.381E-03  0.389E+01  0.154E+02  0.420E+01  0.294E-03  0.000E+00  0.430E+01  0.393E-03  0.000E+00  0.000E+00  0.000E+00  0.000E+00  0.000E+00  0.000E+00  0.000E+00  0.128E+02
 2010  301      0  0.210E+02  0.124E+06  0.396E+02  0.962E-04  0.495E+01  0.160E+02  0.488E+01  0.126E-03  0.000E+00  0.354E+01  0.000E+00  0.000E+00  0.000E+00  0.000E+00  0.000E+00  0.000E+00  0.000E+00  0.000E+00  0.147E+02
 2010  302      0  0.210E+02  0.124E+06  0.414E+02  0.301E-04  0.441E+01  0.161E+02  0.459E+01  0.812E-04  0.000E+00  0.392E+01  0.000E+00  0.000E+00  0.000E+00  0.000E+00  0.000E+00  0.000E+00  0.000E+00  0.000E+00  0.134E+02
 2010  303      0  0.203E+02  0.128E+06  0.409E+02  0.104E-04  0.502E+01  0.165E+02  0.498E+01  0.758E-04  0.000E+00  0.355E+01  0.000E+00  0.000E+00  0.000E+00  0.000E+00  0.000E+00  0.000E+00  0.000E+00  0.000E+00  0.143E+02
 2010  304      0  0.200E+02  0.131E+06  0.405E+02  0.390E-05  0.560E+01  0.170E+02  0.536E+01  0.763E-04  0.000E+00  0.323E+01  0.000E+00  0.000E+00  0.000E+00  0.000E+00  0.000E+00  0.000E+00  0.000E+00  0.000E+00  0.152E+02
 2010  305      0  0.196E+02  0.133E+06  0.397E+02  0.149E-05  0.641E+01  0.175E+02  0.588E+01  0.758E-04  0.000E+00  0.283E+01  0.000E+00  0.000E+00  0.000E+00  0.000E+00  0.000E+00  0.000E+00  0.000E+00  0.000E+00  0.164E+02
 2010  306      0  0.193E+02  0.135E+06  0.402E+02  0.000E+00  0.654E+01  0.179E+02  0.599E+01  0.000E+00  0.000E+00  0.279E+01  0.000E+00  0.000E+00  0.000E+00  0.000E+00  0.000E+00  0.000E+00  0.000E+00  0.000E+00  0.164E+02
 2010  307      0  0.192E+02  0.136E+06  0.415E+02  0.000E+00  0.624E+01  0.181E+02  0.584E+01  0.000E+00  0.000E+00  0.296E+01  0.000E+00  0.000E+00  0.000E+00  0.000E+00  0.000E+00  0.000E+00  0.000E+00  0.000E+00  0.156E+02
 2010  308      0  0.191E+02  0.137E+06  0.429E+02  0.000E+00  0.591E+01  0.183E+02  0.567E+01  0.000E+00  0.000E+00  0.314E+01  0.000E+00  0.000E+00  0.000E+00  0.000E+00  0.000E+00  0.000E+00  0.000E+00  0.000E+00  0.148E+02
 2010  309      0  0.185E+02  0.141E+06  0.428E+02  0.000E+00  0.641E+01  0.188E+02  0.600E+01  0.000E+00  0.000E+00  0.294E+01  0.000E+00  0.000E+00  0.000E+00  0.000E+00  0.000E+00  0.000E+00  0.000E+00  0.000E+00  0.153E+02
 2010  310      0  0.181E+02  0.144E+06  0.422E+02  0.000E+00  0.708E+01  0.193E+02  0.646E+01  0.000E+00  0.000E+00  0.265E+01  0.000E+00  0.000E+00  0.000E+00  0.000E+00  0.000E+00  0.000E+00  0.000E+00  0.000E+00  0.162E+02
 2010  311      0  0.177E+02  0.147E+06  0.414E+02  0.000E+00  0.786E+01  0.199E+02  0.699E+01  0.000E+00  0.000E+00  0.236E+01  0.000E+00  0.000E+00  0.000E+00  0.000E+00  0.000E+00  0.000E+00  0.000E+00  0.000E+00  0.172E+02
 2010  312      0  0.175E+02  0.149E+06  0.444E+02  0.000E+00  0.687E+01  0.200E+02  0.641E+01  0.000E+00  0.000E+00  0.278E+01  0.000E+00  0.000E+00  0.000E+00  0.000E+00  0.000E+00  0.000E+00  0.000E+00  0.000E+00  0.153E+02
 2010  313      0  0.171E+02  0.152E+06  0.439E+02  0.000E+00  0.759E+01  0.206E+02  0.689E+01  0.000E+00  0.000E+00  0.251E+01  0.000E+00  0.000E+00  0.000E+00  0.000E+00  0.000E+00  0.000E+00  0.000E+00  0.000E+00  0.162E+02
 2010  314      0  0.167E+02  0.156E+06  0.427E+02  0.000E+00  0.857E+01  0.214E+02  0.758E+01  0.000E+00  0.000E+00  0.217E+01  0.000E+00  0.000E+00  0.000E+00  0.000E+00  0.000E+00  0.000E+00  0.000E+00  0.000E+00  0.175E+02
 2010  315      0  0.167E+02  0.156E+06  0.466E+02  0.000E+00  0.722E+01  0.213E+02  0.673E+01  0.000E+00  0.000E+00  0.272E+01  0.000E+00  0.000E+00  0.000E+00  0.000E+00  0.000E+00  0.000E+00  0.000E+00  0.000E+00  0.149E+02
 2010  316      0  0.162E+02  0.162E+06  0.449E+02  0.000E+00  0.841E+01  0.222E+02  0.753E+01  0.000E+00  0.000E+00  0.229E+01  0.000E+00  0.000E+00  0.000E+00  0.000E+00  0.000E+00  0.000E+00  0.000E+00  0.000E+00  0.165E+02
 2010  317      0  0.158E+02  0.165E+06  0.437E+02  0.000E+00  0.955E+01  0.232E+02  0.839E+01  0.000E+00  0.000E+00  0.191E+01  0.000E+00  0.000E+00  0.000E+00  0.000E+00  0.000E+00  0.000E+00  0.000E+00  0.000E+00  0.179E+02
 2010  318      0  0.157E+02  0.167E+06  0.439E+02  0.805E-04  0.962E+01  0.233E+02  0.846E+01  0.115E-02  0.111E-04  0.188E+01  0.000E+00  0.000E+00  0.000E+00  0.000E+00  0.000E+00  0.000E+00  0.000E+00  0.000E+00  0.180E+02
 2010  319      0  0.221E+02  0.120E+06  0.404E+02  0.395E-01  0.438E+01  0.159E+02  0.423E+01  0.257E-01  0.216E+01  0.332E+01  0.331E+00  0.000E+00  0.000E+00  0.000E+00  0.000E+00  0.000E+00  0.000E+00  0.000E+00  0.122E+02
 2010  320      0  0.168E+02  0.154E+06  0.505E+02  0.276E-02  0.584E+01  0.211E+02  0.587E+01  0.199E-02  0.724E-04  0.341E+01  0.000E+00  0.000E+00  0.000E+00  0.000E+00  0.000E+00  0.000E+00  0.000E+00  0.000E+00  0.124E+02
 2010  321      0  0.161E+02  0.162E+06  0.504E+02  0.489E-03  0.690E+01  0.224E+02  0.664E+01  0.763E-03  0.428E-05  0.294E+01  0.000E+00  0.000E+00  0.000E+00  0.000E+00  0.000E+00  0.000E+00  0.000E+00  0.000E+00  0.135E+02
 2010  322      0  0.155E+02  0.168E+06  0.503E+02  0.127E-03  0.768E+01  0.234E+02  0.722E+01  0.577E-03  0.000E+00  0.262E+01  0.000E+00  0.000E+00  0.000E+00  0.000E+00  0.000E+00  0.000E+00  0.000E+00  0.000E+00  0.144E+02
 2010  323      0  0.148E+02  0.176E+06  0.499E+02  0.361E-04  0.874E+01  0.247E+02  0.800E+01  0.143E-03  0.000E+00  0.228E+01  0.000E+00  0.000E+00  0.000E+00  0.000E+00  0.000E+00  0.000E+00  0.000E+00  0.000E+00  0.154E+02
 2010  324      0  0.144E+02  0.181E+06  0.489E+02  0.507E-03  0.977E+01  0.258E+02  0.873E+01  0.747E-03  0.695E-02  0.200E+01  0.000E+00  0.000E+00  0.000E+00  0.000E+00  0.000E+00  0.000E+00  0.000E+00  0.000E+00  0.164E+02
 2010  325      0  0.850E+02  0.328E+05  0.129E+02  0.222E+00  0.232E+00  0.476E+01  0.259E+00  0.785E-01  0.341E+02  0.148E+00  0.713E+01  0.000E+00  0.000E+00  0.000E+00  0.000E+00  0.000E+00  0.000E+00  0.000E+00  0.135E+02
 2010  326      0  0.191E+02  0.137E+06  0.421E+02  0.479E-01  0.589E+01  0.184E+02  0.556E+01  0.203E-01  0.000E+00  0.336E+01  0.000E+00  0.000E+00  0.000E+00  0.000E+00  0.000E+00  0.000E+00  0.000E+00  0.000E+00  0.138E+02
 2010  327      0  0.153E+02  0.170E+06  0.502E+02  0.988E-02  0.771E+01  0.235E+02  0.724E+01  0.485E-02  0.000E+00  0.262E+01  0.000E+00  0.000E+00  0.000E+00  0.000E+00  0.000E+00  0.000E+00  0.000E+00  0.000E+00  0.143E+02
 2010  328      0  0.163E+02  0.161E+06  0.531E+02  0.109E-01  0.551E+01  0.217E+02  0.571E+01  0.102E-01  0.332E+00  0.358E+01  0.000E+00  0.000E+00  0.000E+00  0.000E+00  0.000E+00  0.000E+00  0.000E+00  0.000E+00  0.111E+02
 2010  329      0  0.146E+02  0.177E+06  0.540E+02  0.120E-02  0.764E+01  0.248E+02  0.730E+01  0.123E-02  0.128E-02  0.274E+01  0.000E+00  0.000E+00  0.000E+00  0.000E+00  0.000E+00  0.000E+00  0.000E+00  0.000E+00  0.133E+02
 2010  330      0  0.142E+02  0.183E+06  0.557E+02  0.383E-03  0.796E+01  0.259E+02  0.758E+01  0.724E-03  0.302E-04  0.269E+01  0.000E+00  0.000E+00  0.000E+00  0.000E+00  0.000E+00  0.000E+00  0.000E+00  0.000E+00  0.131E+02
 2010  331      0  0.263E+02  0.101E+06  0.326E+02  0.919E-01  0.239E+01  0.151E+02  0.385E+01  0.753E-01  0.495E+01  0.183E+01  0.253E+00  0.000E+00  0.000E+00  0.000E+00  0.000E+00  0.000E+00  0.000E+00  0.000E+00  0.156E+02
 2010  332      0  0.156E+02  0.168E+06  0.518E+02  0.109E-01  0.728E+01  0.235E+02  0.698E+01  0.667E-02  0.487E+00  0.260E+01  0.000E+00  0.000E+00  0.000E+00  0.000E+00  0.000E+00  0.000E+00  0.000E+00  0.000E+00  0.137E+02
 2010  333      0  0.144E+02  0.181E+06  0.531E+02  0.129E-02  0.872E+01  0.259E+02  0.810E+01  0.139E-02  0.312E-02  0.234E+01  0.000E+00  0.000E+00  0.000E+00  0.000E+00  0.000E+00  0.000E+00  0.000E+00  0.000E+00  0.147E+02
 2010  334      0  0.137E+02  0.190E+06  0.558E+02  0.258E-03  0.883E+01  0.272E+02  0.830E+01  0.745E-03  0.749E-04  0.235E+01  0.000E+00  0.000E+00  0.000E+00  0.000E+00  0.000E+00  0.000E+00  0.000E+00  0.000E+00  0.141E+02
 2010  335      0  0.130E+02  0.200E+06  0.562E+02  0.705E-04  0.983E+01  0.290E+02  0.911E+01  0.688E-03  0.205E-05  0.208E+01  0.000E+00  0.000E+00  0.000E+00  0.000E+00  0.000E+00  0.000E+00  0.000E+00  0.000E+00  0.148E+02
 2010  336      0  0.122E+02  0.212E+06  0.569E+02  0.227E-04  0.109E+02  0.310E+02  0.996E+01  0.167E-03  0.000E+00  0.184E+01  0.000E+00  0.000E+00  0.000E+00  0.000E+00  0.000E+00  0.000E+00  0.000E+00  0.000E+00  0.152E+02
 2010  337      0  0.117E+02  0.221E+06  0.604E+02  0.861E-05  0.107E+02  0.322E+02  0.992E+01  0.143E-03  0.000E+00  0.195E+01  0.000E+00  0.000E+00  0.000E+00  0.000E+00  0.000E+00  0.000E+00  0.000E+00  0.000E+00  0.142E+02
 2010  338      0  0.112E+02  0.231E+06  0.604E+02  0.337E-05  0.117E+02  0.341E+02  0.108E+02  0.141E-03  0.000E+00  0.169E+01  0.000E+00  0.000E+00  0.000E+00  0.000E+00  0.000E+00  0.000E+00  0.000E+00  0.000E+00  0.148E+02
 2010  339      0  0.108E+02  0.240E+06  0.579E+02  0.142E-05  0.137E+02  0.364E+02  0.126E+02  0.139E-03  0.000E+00  0.884E+00  0.000E+00  0.000E+00  0.000E+00  0.000E+00  0.000E+00  0.000E+00  0.000E+00  0.000E+00  0.167E+02
 2010  340      0  0.103E+02  0.252E+06  0.695E+02  0.000E+00  0.107E+02  0.363E+02  0.103E+02  0.000E+00  0.000E+00  0.211E+01  0.000E+00  0.000E+00  0.000E+00  0.000E+00  0.000E+00  0.000E+00  0.000E+00  0.000E+00  0.122E+02
 2010  341      0  0.100E+02  0.258E+06  0.760E+02  0.000E+00  0.969E+01  0.370E+02  0.952E+01  0.000E+00  0.000E+00  0.259E+01  0.000E+00  0.000E+00  0.000E+00  0.000E+00  0.000E+00  0.000E+00  0.000E+00  0.000E+00  0.988E+01
 2010  342      0  0.959E+01  0.269E+06  0.747E+02  0.000E+00  0.114E+02  0.397E+02  0.109E+02  0.000E+00  0.000E+00  0.208E+01  0.000E+00  0.000E+00  0.000E+00  0.000E+00  0.000E+00  0.000E+00  0.000E+00  0.000E+00  0.114E+02
 2010  343      0  0.903E+01  0.285E+06  0.737E+02  0.000E+00  0.129E+02  0.428E+02  0.124E+02  0.796E-03  0.000E+00  0.158E+01  0.000E+00  0.000E+00  0.000E+00  0.000E+00  0.000E+00  0.000E+00  0.000E+00  0.000E+00  0.127E+02
 2010  344      0  0.910E+01  0.285E+06  0.730E+02  0.463E-03  0.139E+02  0.445E+02  0.134E+02  0.144E-02  0.575E-02  0.118E+01  0.000E+00  0.000E+00  0.000E+00  0.000E+00  0.000E+00  0.000E+00  0.000E+00  0.000E+00  0.136E+02
 2010  345      0  0.309E+03  0.111E+05  0.512E+01  0.366E+00  0.158E+00  0.932E+00  0.106E-01  0.976E-01  0.633E+02  0.905E-01  0.188E+02  0.000E+00  0.000E+00  0.000E+00  0.000E+00  0.000E+00  0.000E+00  0.000E+00  0.140E+02
 2010  346      0  0.109E+04  0.204E+04  0.237E+01  0.405E+00  0.352E-01  0.230E+00  0.134E-02  0.752E-01  0.986E+02  0.892E-01  0.277E+02  0.000E+00  0.000E+00  0.000E+00  0.000E+00  0.000E+00  0.000E+00  0.000E+00  0.122E+02
 2010  347      0  0.622E+02  0.432E+05  0.182E+02  0.245E+00  0.709E+00  0.481E+01  0.101E+01  0.880E-01  0.321E+01  0.519E+01  0.454E+01  0.000E+00  0.000E+00  0.000E+00  0.000E+00  0.000E+00  0.000E+00  0.000E+00  0.121E+02
 2010  348      0  0.267E+03  0.127E+05  0.595E+01  0.371E+00  0.543E-01  0.888E+00  0.717E-02  0.826E-01  0.713E+02  0.921E-01  0.152E+02  0.000E+00  0.000E+00  0.000E+00  0.000E+00  0.000E+00  0.000E+00  0.000E+00  0.946E+01
 2010  349      0  0.649E+02  0.417E+05  0.194E+02  0.179E+00  0.246E+00  0.378E+01  0.386E+00  0.570E-01  0.142E+02  0.300E+01  0.175E+01  0.000E+00  0.000E+00  0.000E+00  0.000E+00  0.000E+00  0.000E+00  0.000E+00  0.478E+01
 2010  350      0  0.380E+02  0.689E+05  0.302E+02  0.441E-01  0.659E+00  0.706E+01  0.102E+01  0.111E-01  0.227E+01  0.799E+01  0.178E+00  0.000E+00  0.000E+00  0.000E+00  0.000E+00  0.000E+00  0.000E+00  0.000E+00  0.522E+01
 2010  351      0  0.339E+02  0.770E+05  0.323E+02  0.764E-02  0.975E+00  0.843E+01  0.146E+01  0.186E-02  0.000E+00  0.858E+01  0.216E-01  0.000E+00  0.000E+00  0.000E+00  0.000E+00  0.000E+00  0.000E+00  0.000E+00  0.747E+01
 2010  352      0  0.329E+02  0.793E+05  0.324E+02  0.234E-02  0.123E+01  0.905E+01  0.176E+01  0.665E-03  0.000E+00  0.770E+01  0.261E-02  0.000E+00  0.000E+00  0.000E+00  0.000E+00  0.000E+00  0.000E+00  0.000E+00  0.898E+01
 2010  353      0  0.322E+02  0.812E+05  0.323E+02  0.881E-03  0.146E+01  0.947E+01  0.199E+01  0.372E-03  0.000E+00  0.706E+01  0.137E-03  0.000E+00  0.000E+00  0.000E+00  0.000E+00  0.000E+00  0.000E+00  0.000E+00  0.101E+02
 2010  354      0  0.315E+02  0.830E+05  0.318E+02  0.331E-03  0.182E+01  0.989E+01  0.231E+01  0.105E-03  0.000E+00  0.629E+01  0.000E+00  0.000E+00  0.000E+00  0.000E+00  0.000E+00  0.000E+00  0.000E+00  0.000E+00  0.116E+02
 2010  355      0  0.310E+02  0.843E+05  0.322E+02  0.129E-03  0.182E+01  0.100E+02  0.233E+01  0.626E-04  0.000E+00  0.634E+01  0.000E+00  0.000E+00  0.000E+00  0.000E+00  0.000E+00  0.000E+00  0.000E+00  0.000E+00  0.113E+02
 2010  356      0  0.306E+02  0.855E+05  0.321E+02  0.501E-04  0.203E+01  0.103E+02  0.251E+01  0.494E-04  0.000E+00  0.596E+01  0.000E+00  0.000E+00  0.000E+00  0.000E+00  0.000E+00  0.000E+00  0.000E+00  0.000E+00  0.121E+02
 2010  357      0  0.351E+02  0.748E+05  0.293E+02  0.495E-01  0.150E+01  0.887E+01  0.194E+01  0.135E-01  0.378E+01  0.426E+01  0.623E+00  0.000E+00  0.000E+00  0.000E+00  0.000E+00  0.000E+00  0.000E+00  0.000E+00  0.107E+02
 2010  358      0  0.109E+03  0.265E+05  0.121E+02  0.222E+00  0.963E-01  0.240E+01  0.762E-01  0.711E-01  0.293E+02  0.530E+00  0.305E+01  0.000E+00  0.000E+00  0.000E+00  0.000E+00  0.000E+00  0.000E+00  0.000E+00  0.793E+01
 2010  359      0  0.381E+02  0.693E+05  0.299E+02  0.262E-01  0.672E+00  0.726E+01  0.112E+01  0.815E-02  0.124E-03  0.966E+01  0.177E+00  0.000E+00  0.000E+00  0.000E+00  0.000E+00  0.000E+00  0.000E+00  0.000E+00  0.594E+01
 2010  360      0  0.351E+02  0.745E+05  0.314E+02  0.430E-02  0.854E+00  0.814E+01  0.137E+01  0.130E-02  0.205E-05  0.891E+01  0.264E-01  0.000E+00  0.000E+00  0.000E+00  0.000E+00  0.000E+00  0.000E+00  0.000E+00  0.695E+01
 2010  361      0  0.342E+02  0.764E+05  0.305E+02  0.104E-02  0.127E+01  0.881E+01  0.181E+01  0.446E-03  0.000E+00  0.741E+01  0.340E-02  0.000E+00  0.000E+00  0.000E+00  0.000E+00  0.000E+00  0.000E+00  0.000E+00  0.980E+01
 2010  362      0  0.338E+02  0.773E+05  0.302E+02  0.325E-03  0.152E+01  0.911E+01  0.204E+01  0.260E-03  0.000E+00  0.680E+01  0.221E-03  0.000E+00  0.000E+00  0.000E+00  0.000E+00  0.000E+00  0.000E+00  0.000E+00  0.110E+02
 2010  363      0  0.335E+02  0.779E+05  0.304E+02  0.115E-03  0.156E+01  0.923E+01  0.209E+01  0.591E-04  0.000E+00  0.672E+01  0.000E+00  0.000E+00  0.000E+00  0.000E+00  0.000E+00  0.000E+00  0.000E+00  0.000E+00  0.110E+02
 2010  364      0  0.329E+02  0.793E+05  0.319E+02  0.435E-04  0.116E+01  0.901E+01  0.174E+01  0.382E-04  0.000E+00  0.785E+01  0.000E+00  0.000E+00  0.000E+00  0.000E+00  0.000E+00  0.000E+00  0.000E+00  0.000E+00  0.864E+01
 2010  365      0  0.328E+02  0.797E+05  0.324E+02  0.171E-04  0.108E+01  0.901E+01  0.167E+01  0.310E-04  0.000E+00  0.815E+01  0.000E+00  0.000E+00  0.000E+00  0.000E+00  0.000E+00  0.000E+00  0.000E+00  0.000E+00  0.796E+01
 2011    1      0  0.328E+02  0.797E+05  0.338E+02  0.142E-04  0.810E+00  0.869E+01  0.138E+01  0.113E-03  0.465E-04  0.932E+01  0.000E+00  0.000E+00  0.000E+00  0.000E+00  0.000E+00  0.000E+00  0.000E+00  0.000E+00  0.564E+01
 2011    2      0  0.331E+02  0.797E+05  0.344E+02  0.221E-02  0.658E+00  0.835E+01  0.119E+01  0.151E-02  0.208E-01  0.101E+02  0.000E+00  0.000E+00  0.000E+00  0.000E+00  0.000E+00  0.000E+00  0.000E+00  0.000E+00  0.418E+01
 2011    3      0  0.327E+02  0.806E+05  0.344E+02  0.387E-03  0.737E+00  0.863E+01  0.130E+01  0.365E-03  0.707E-02  0.969E+01  0.000E+00  0.000E+00  0.000E+00  0.000E+00  0.000E+00  0.000E+00  0.000E+00  0.000E+00  0.489E+01
 2011    4      0  0.345E+02  0.765E+05  0.321E+02  0.247E-01  0.857E+00  0.838E+01  0.138E+01  0.538E-02  0.146E+01  0.781E+01  0.482E+00  0.000E+00  0.000E+00  0.000E+00  0.000E+00  0.000E+00  0.000E+00  0.000E+00  0.624E+01
 2011    5      0  0.373E+02  0.708E+05  0.303E+02  0.372E-01  0.683E+00  0.753E+01  0.117E+01  0.197E-01  0.134E+01  0.835E+01  0.375E+00  0.000E+00  0.000E+00  0.000E+00  0.000E+00  0.000E+00  0.000E+00  0.000E+00  0.582E+01
 2011    6      0  0.335E+02  0.781E+05  0.334E+02  0.137E-02  0.723E+00  0.838E+01  0.128E+01  0.387E-03  0.236E-02  0.965E+01  0.268E-01  0.000E+00  0.000E+00  0.000E+00  0.000E+00  0.000E+00  0.000E+00  0.000E+00  0.515E+01
 2011    7      0  0.328E+02  0.797E+05  0.338E+02  0.222E-03  0.773E+00  0.863E+01  0.135E+01  0.553E-04  0.000E+00  0.945E+01  0.286E-02  0.000E+00  0.000E+00  0.000E+00  0.000E+00  0.000E+00  0.000E+00  0.000E+00  0.541E+01
 2011    8      0  0.323E+02  0.808E+05  0.335E+02  0.485E-04  0.943E+00  0.906E+01  0.155E+01  0.324E-04  0.000E+00  0.876E+01  0.130E-03  0.000E+00  0.000E+00  0.000E+00  0.000E+00  0.000E+00  0.000E+00  0.000E+00  0.657E+01
 2011    9      0  0.318E+02  0.822E+05  0.340E+02  0.132E-04  0.943E+00  0.917E+01  0.156E+01  0.274E-04  0.000E+00  0.876E+01  0.000E+00  0.000E+00  0.000E+00  0.000E+00  0.000E+00  0.000E+00  0.000E+00  0.000E+00  0.650E+01
 2011   10      0  0.315E+02  0.830E+05  0.349E+02  0.409E-05  0.839E+00  0.913E+01  0.145E+01  0.000E+00  0.000E+00  0.928E+01  0.000E+00  0.000E+00  0.000E+00  0.000E+00  0.000E+00  0.000E+00  0.000E+00  0.000E+00  0.541E+01
 2011   11      0  0.311E+02  0.848E+05  0.358E+02  0.142E-05  0.768E+00  0.913E+01  0.138E+01  0.000E+00  0.000E+00  0.970E+01  0.000E+00  0.000E+00  0.000E+00  0.000E+00  0.000E+00  0.000E+00  0.000E+00  0.000E+00  0.455E+01
 2011   12      0  0.304E+02  0.859E+05  0.349E+02  0.000E+00  0.108E+01  0.976E+01  0.173E+01  0.000E+00  0.000E+00  0.841E+01  0.000E+00  0.000E+00  0.000E+00  0.000E+00  0.000E+00  0.000E+00  0.000E+00  0.000E+00  0.684E+01
 2011   13      0  0.302E+02  0.865E+05  0.347E+02  0.000E+00  0.128E+01  0.101E+02  0.193E+01  0.000E+00  0.000E+00  0.780E+01  0.000E+00  0.000E+00  0.000E+00  0.000E+00  0.000E+00  0.000E+00  0.000E+00  0.000E+00  0.793E+01
 2011   14      0  0.299E+02  0.883E+05  0.350E+02  0.628E-04  0.134E+01  0.103E+02  0.200E+01  0.166E-03  0.300E-02  0.766E+01  0.106E-03  0.000E+00  0.000E+00  0.000E+00  0.000E+00  0.000E+00  0.000E+00  0.000E+00  0.807E+01
 2011   15      0  0.290E+02  0.900E+05  0.365E+02  0.000E+00  0.107E+01  0.102E+02  0.174E+01  0.000E+00  0.000E+00  0.864E+01  0.000E+00  0.000E+00  0.000E+00  0.000E+00  0.000E+00  0.000E+00  0.000E+00  0.000E+00  0.609E+01
 2011   16      0  0.288E+02  0.908E+05  0.374E+02  0.000E+00  0.979E+00  0.101E+02  0.166E+01  0.000E+00  0.000E+00  0.897E+01  0.000E+00  0.000E+00  0.000E+00  0.000E+00  0.000E+00  0.000E+00  0.000E+00  0.000E+00  0.541E+01
 2011   17      0  0.286E+02  0.913E+05  0.374E+02  0.377E-02  0.107E+01  0.104E+02  0.175E+01  0.108E-02  0.262E+00  0.844E+01  0.966E-01  0.000E+00  0.000E+00  0.000E+00  0.000E+00  0.000E+00  0.000E+00  0.000E+00  0.586E+01
 2011   18      0  0.301E+02  0.877E+05  0.371E+02  0.330E-01  0.807E+00  0.953E+01  0.143E+01  0.225E-01  0.420E+00  0.928E+01  0.439E-02  0.000E+00  0.000E+00  0.000E+00  0.000E+00  0.000E+00  0.000E+00  0.000E+00  0.436E+01
 2011   19      0  0.378E+02  0.700E+05  0.297E+02  0.160E+00  0.720E+00  0.769E+01  0.114E+01  0.183E-01  0.159E+02  0.232E+01  0.281E+01  0.000E+00  0.000E+00  0.000E+00  0.000E+00  0.000E+00  0.000E+00  0.000E+00  0.436E+01
 2011   20      0  0.298E+02  0.885E+05  0.371E+02  0.203E-01  0.883E+00  0.981E+01  0.152E+01  0.532E-02  0.278E-01  0.942E+01  0.174E+00  0.000E+00  0.000E+00  0.000E+00  0.000E+00  0.000E+00  0.000E+00  0.000E+00  0.462E+01
 2011   21      0  0.438E+02  0.614E+05  0.272E+02  0.324E+00  0.271E+00  0.685E+01  0.663E+00  0.939E-01  0.227E+02  0.126E+01  0.200E+01  0.000E+00  0.000E+00  0.000E+00  0.000E+00  0.000E+00  0.000E+00  0.000E+00  0.489E+01
 2011   22      0  0.397E+02  0.672E+05  0.291E+02  0.167E+00  0.567E+00  0.714E+01  0.104E+01  0.561E-01  0.808E+01  0.449E+01  0.113E+01  0.000E+00  0.000E+00  0.000E+00  0.000E+00  0.000E+00  0.000E+00  0.000E+00  0.519E+01
 2011   23      0  0.616E+02  0.446E+05  0.200E+02  0.427E+00  0.154E+00  0.497E+01  0.351E+00  0.897E-01  0.433E+02  0.216E+00  0.519E+01  0.000E+00  0.000E+00  0.000E+00  0.000E+00  0.000E+00  0.000E+00  0.000E+00  0.628E+01
 2011   24      0  0.698E+02  0.394E+05  0.183E+02  0.284E+00  0.133E+00  0.395E+01  0.341E+00  0.140E+00  0.113E+02  0.311E+01  0.608E+00  0.000E+00  0.000E+00  0.000E+00  0.000E+00  0.000E+00  0.000E+00  0.000E+00  0.732E+01
 2011   25      0  0.372E+02  0.709E+05  0.298E+02  0.139E-01  0.807E+00  0.769E+01  0.130E+01  0.759E-02  0.173E-01  0.895E+01  0.229E-01  0.000E+00  0.000E+00  0.000E+00  0.000E+00  0.000E+00  0.000E+00  0.000E+00  0.714E+01
 2011   26      0  0.358E+02  0.736E+05  0.309E+02  0.166E-02  0.830E+00  0.802E+01  0.135E+01  0.755E-03  0.258E-03  0.898E+01  0.620E-03  0.000E+00  0.000E+00  0.000E+00  0.000E+00  0.000E+00  0.000E+00  0.000E+00  0.688E+01
 2011   27      0  0.367E+02  0.718E+05  0.307E+02  0.150E-01  0.686E+00  0.758E+01  0.117E+01  0.755E-02  0.311E+00  0.933E+01  0.220E-01  0.000E+00  0.000E+00  0.000E+00  0.000E+00  0.000E+00  0.000E+00  0.000E+00  0.575E+01
 2011   28      0  0.354E+02  0.738E+05  0.322E+02  0.382E-03  0.610E+00  0.768E+01  0.109E+01  0.233E-03  0.000E+00  0.102E+02  0.231E-03  0.000E+00  0.000E+00  0.000E+00  0.000E+00  0.000E+00  0.000E+00  0.000E+00  0.444E+01
 2011   29      0  0.345E+02  0.758E+05  0.319E+02  0.686E-04  0.782E+00  0.818E+01  0.132E+01  0.133E-03  0.000E+00  0.928E+01  0.000E+00  0.000E+00  0.000E+00  0.000E+00  0.000E+00  0.000E+00  0.000E+00  0.000E+00  0.609E+01
 2011   30      0  0.340E+02  0.768E+05  0.324E+02  0.211E-04  0.802E+00  0.835E+01  0.135E+01  0.252E-04  0.000E+00  0.922E+01  0.000E+00  0.000E+00  0.000E+00  0.000E+00  0.000E+00  0.000E+00  0.000E+00  0.000E+00  0.609E+01
 2011   31      0  0.335E+02  0.780E+05  0.325E+02  0.742E-05  0.894E+00  0.864E+01  0.147E+01  0.000E+00  0.000E+00  0.885E+01  0.000E+00  0.000E+00  0.000E+00  0.000E+00  0.000E+00  0.000E+00  0.000E+00  0.000E+00  0.669E+01
 2011   32      0  0.330E+02  0.792E+05  0.329E+02  0.287E-05  0.919E+00  0.881E+01  0.151E+01  0.000E+00  0.000E+00  0.879E+01  0.000E+00  0.000E+00  0.000E+00  0.000E+00  0.000E+00  0.000E+00  0.000E+00  0.000E+00  0.669E+01
 2011   33      0  0.322E+02  0.811E+05  0.322E+02  0.113E-05  0.121E+01  0.930E+01  0.180E+01  0.000E+00  0.000E+00  0.784E+01  0.000E+00  0.000E+00  0.000E+00  0.000E+00  0.000E+00  0.000E+00  0.000E+00  0.000E+00  0.841E+01
 2011   34      0  0.317E+02  0.823E+05  0.318E+02  0.000E+00  0.150E+01  0.966E+01  0.208E+01  0.000E+00  0.000E+00  0.703E+01  0.000E+00  0.000E+00  0.000E+00  0.000E+00  0.000E+00  0.000E+00  0.000E+00  0.000E+00  0.995E+01
 2011   35      0  0.314E+02  0.833E+05  0.311E+02  0.000E+00  0.191E+01  0.100E+02  0.242E+01  0.000E+00  0.000E+00  0.620E+01  0.000E+00  0.000E+00  0.000E+00  0.000E+00  0.000E+00  0.000E+00  0.000E+00  0.000E+00  0.116E+02
 2011   36      0  0.308E+02  0.850E+05  0.300E+02  0.000E+00  0.258E+01  0.104E+02  0.290E+01  0.000E+00  0.000E+00  0.519E+01  0.000E+00  0.000E+00  0.000E+00  0.000E+00  0.000E+00  0.000E+00  0.000E+00  0.000E+00  0.138E+02
 2011   37      0  0.304E+02  0.860E+05  0.296E+02  0.000E+00  0.301E+01  0.106E+02  0.318E+01  0.000E+00  0.000E+00  0.468E+01  0.000E+00  0.000E+00  0.000E+00  0.000E+00  0.000E+00  0.000E+00  0.000E+00  0.000E+00  0.150E+02
