2016/4/21 0:00:00 .dat file Daily Record Subbasin  10 ArcSWAT 2012.10_2.16 interface
    
    
    
    
 DAY YEAR          FLOCNST          SEDCNST         ORGNCNST         ORGPCNST          NO3CNST          NH3CNST          NO2CNST         MINPCNST         CBODCNST        DISOXCNST         CHLACNST       SOLPSTCNST       SRBPSTCNST        BACTPCNST       BACTLPCNST        CMTL1CNST        CMTL2CNST        CMTL3CNST
   2 1998        5.196E-02        0.000E+00        0.000E+00        0.000E+00        0.000E+00        0.000E+00        0.000E+00        0.000E+00        0.000E+00        0.000E+00        0.000E+00        0.000E+00        0.000E+00        0.000E+00        0.000E+00        0.000E+00        0.000E+00        1.039E-06        0.000E+00        0.000E+00
   3 1998        5.196E-02        0.000E+00        0.000E+00        0.000E+00        0.000E+00        0.000E+00        0.000E+00        0.000E+00        0.000E+00        0.000E+00        0.000E+00        0.000E+00        0.000E+00        0.000E+00        0.000E+00        0.000E+00        0.000E+00        1.039E-06        0.000E+00        0.000E+00
   4 1998        5.196E-02        0.000E+00        0.000E+00        0.000E+00        0.000E+00        0.000E+00        0.000E+00        0.000E+00        0.000E+00        0.000E+00        0.000E+00        0.000E+00        0.000E+00        0.000E+00        0.000E+00        0.000E+00        0.000E+00        1.039E-06        0.000E+00        0.000E+00
   5 1998        5.196E-02        0.000E+00        0.000E+00        0.000E+00        0.000E+00        0.000E+00        0.000E+00        0.000E+00        0.000E+00        0.000E+00        0.000E+00        0.000E+00        0.000E+00        0.000E+00        0.000E+00        0.000E+00        0.000E+00        1.039E-06        0.000E+00        0.000E+00
   6 1998        5.196E-02        0.000E+00        0.000E+00        0.000E+00        0.000E+00        0.000E+00        0.000E+00        0.000E+00        0.000E+00        0.000E+00        0.000E+00        0.000E+00        0.000E+00        0.000E+00        0.000E+00        0.000E+00        0.000E+00        1.039E-06        0.000E+00        0.000E+00
   7 1998        5.196E-02        0.000E+00        0.000E+00        0.000E+00        0.000E+00        0.000E+00        0.000E+00        0.000E+00        0.000E+00        0.000E+00        0.000E+00        0.000E+00        0.000E+00        0.000E+00        0.000E+00        0.000E+00        0.000E+00        1.039E-06        0.000E+00        0.000E+00
   8 1998        5.196E-02        0.000E+00        0.000E+00        0.000E+00        0.000E+00        0.000E+00        0.000E+00        0.000E+00        0.000E+00        0.000E+00        0.000E+00        0.000E+00        0.000E+00        0.000E+00        0.000E+00        0.000E+00        0.000E+00        1.039E-06        0.000E+00        0.000E+00
   9 1998        5.196E-02        0.000E+00        0.000E+00        0.000E+00        0.000E+00        0.000E+00        0.000E+00        0.000E+00        0.000E+00        0.000E+00        0.000E+00        0.000E+00        0.000E+00        0.000E+00        0.000E+00        0.000E+00        0.000E+00        1.039E-06        0.000E+00        0.000E+00
  10 1998        5.196E-02        0.000E+00        0.000E+00        0.000E+00        0.000E+00        0.000E+00        0.000E+00        0.000E+00        0.000E+00        0.000E+00        0.000E+00        0.000E+00        0.000E+00        0.000E+00        0.000E+00        0.000E+00        0.000E+00        1.039E-06        0.000E+00        0.000E+00
  11 1998        5.196E-02        0.000E+00        0.000E+00        0.000E+00        0.000E+00        0.000E+00        0.000E+00        0.000E+00        0.000E+00        0.000E+00        0.000E+00        0.000E+00        0.000E+00        0.000E+00        0.000E+00        0.000E+00        0.000E+00        1.039E-06        0.000E+00        0.000E+00
  12 1998        5.196E-02        0.000E+00        0.000E+00        0.000E+00        0.000E+00        0.000E+00        0.000E+00        0.000E+00        0.000E+00        0.000E+00        0.000E+00        0.000E+00        0.000E+00        0.000E+00        0.000E+00        0.000E+00        0.000E+00        1.039E-06        0.000E+00        0.000E+00
  13 1998        5.196E-02        0.000E+00        0.000E+00        0.000E+00        0.000E+00        0.000E+00        0.000E+00        0.000E+00        0.000E+00        0.000E+00        0.000E+00        0.000E+00        0.000E+00        0.000E+00        0.000E+00        0.000E+00        0.000E+00        1.039E-06        0.000E+00        0.000E+00
  14 1998        5.196E-02        0.000E+00        0.000E+00        0.000E+00        0.000E+00        0.000E+00        0.000E+00        0.000E+00        0.000E+00        0.000E+00        0.000E+00        0.000E+00        0.000E+00        0.000E+00        0.000E+00        0.000E+00        0.000E+00        1.039E-06        0.000E+00        0.000E+00
  15 1998        5.196E-02        0.000E+00        0.000E+00        0.000E+00        0.000E+00        0.000E+00        0.000E+00        0.000E+00        0.000E+00        0.000E+00        0.000E+00        0.000E+00        0.000E+00        0.000E+00        0.000E+00        0.000E+00        0.000E+00        1.039E-06        0.000E+00        0.000E+00
  16 1998        5.196E-02        0.000E+00        0.000E+00        0.000E+00        0.000E+00        0.000E+00        0.000E+00        0.000E+00        0.000E+00        0.000E+00        0.000E+00        0.000E+00        0.000E+00        0.000E+00        0.000E+00        0.000E+00        0.000E+00        1.039E-06        0.000E+00        0.000E+00
  17 1998        5.196E-02        0.000E+00        0.000E+00        0.000E+00        0.000E+00        0.000E+00        0.000E+00        0.000E+00        0.000E+00        0.000E+00        0.000E+00        0.000E+00        0.000E+00        0.000E+00        0.000E+00        0.000E+00        0.000E+00        1.039E-06        0.000E+00        0.000E+00
  18 1998        5.196E-02        0.000E+00        0.000E+00        0.000E+00        0.000E+00        0.000E+00        0.000E+00        0.000E+00        0.000E+00        0.000E+00        0.000E+00        0.000E+00        0.000E+00        0.000E+00        0.000E+00        0.000E+00        0.000E+00        1.039E-06        0.000E+00        0.000E+00
  19 1998        5.196E-02        0.000E+00        0.000E+00        0.000E+00        0.000E+00        0.000E+00        0.000E+00        0.000E+00        0.000E+00        0.000E+00        0.000E+00        0.000E+00        0.000E+00        0.000E+00        0.000E+00        0.000E+00        0.000E+00        1.039E-06        0.000E+00        0.000E+00
  20 1998        5.196E-02        0.000E+00        0.000E+00        0.000E+00        0.000E+00        0.000E+00        0.000E+00        0.000E+00        0.000E+00        0.000E+00        0.000E+00        0.000E+00        0.000E+00        0.000E+00        0.000E+00        0.000E+00        0.000E+00        1.039E-06        0.000E+00        0.000E+00
  21 1998        5.196E-02        0.000E+00        0.000E+00        0.000E+00        0.000E+00        0.000E+00        0.000E+00        0.000E+00        0.000E+00        0.000E+00        0.000E+00        0.000E+00        0.000E+00        0.000E+00        0.000E+00        0.000E+00        0.000E+00        1.039E-06        0.000E+00        0.000E+00
  22 1998        5.196E-02        0.000E+00        0.000E+00        0.000E+00        0.000E+00        0.000E+00        0.000E+00        0.000E+00        0.000E+00        0.000E+00        0.000E+00        0.000E+00        0.000E+00        0.000E+00        0.000E+00        0.000E+00        0.000E+00        1.039E-06        0.000E+00        0.000E+00
  23 1998        5.196E-02        0.000E+00        0.000E+00        0.000E+00        0.000E+00        0.000E+00        0.000E+00        0.000E+00        0.000E+00        0.000E+00        0.000E+00        0.000E+00        0.000E+00        0.000E+00        0.000E+00        0.000E+00        0.000E+00        1.039E-06        0.000E+00        0.000E+00
  24 1998        5.196E-02        0.000E+00        0.000E+00        0.000E+00        0.000E+00        0.000E+00        0.000E+00        0.000E+00        0.000E+00        0.000E+00        0.000E+00        0.000E+00        0.000E+00        0.000E+00        0.000E+00        0.000E+00        0.000E+00        1.039E-06        0.000E+00        0.000E+00
  25 1998        5.196E-02        0.000E+00        0.000E+00        0.000E+00        0.000E+00        0.000E+00        0.000E+00        0.000E+00        0.000E+00        0.000E+00        0.000E+00        0.000E+00        0.000E+00        0.000E+00        0.000E+00        0.000E+00        0.000E+00        1.039E-06        0.000E+00        0.000E+00
  26 1998        5.196E-02        0.000E+00        0.000E+00        0.000E+00        0.000E+00        0.000E+00        0.000E+00        0.000E+00        0.000E+00        0.000E+00        0.000E+00        0.000E+00        0.000E+00        0.000E+00        0.000E+00        0.000E+00        0.000E+00        1.039E-06        0.000E+00        0.000E+00
  27 1998        5.196E-02        0.000E+00        0.000E+00        0.000E+00        0.000E+00        0.000E+00        0.000E+00        0.000E+00        0.000E+00        0.000E+00        0.000E+00        0.000E+00        0.000E+00        0.000E+00        0.000E+00        0.000E+00        0.000E+00        1.039E-06        0.000E+00        0.000E+00
  28 1998        5.196E-02        0.000E+00        0.000E+00        0.000E+00        0.000E+00        0.000E+00        0.000E+00        0.000E+00        0.000E+00        0.000E+00        0.000E+00        0.000E+00        0.000E+00        0.000E+00        0.000E+00        0.000E+00        0.000E+00        1.039E-06        0.000E+00        0.000E+00
  29 1998        5.196E-02        0.000E+00        0.000E+00        0.000E+00        0.000E+00        0.000E+00        0.000E+00        0.000E+00        0.000E+00        0.000E+00        0.000E+00        0.000E+00        0.000E+00        0.000E+00        0.000E+00        0.000E+00        0.000E+00        1.039E-06        0.000E+00        0.000E+00
  30 1998        5.196E-02        0.000E+00        0.000E+00        0.000E+00        0.000E+00        0.000E+00        0.000E+00        0.000E+00        0.000E+00        0.000E+00        0.000E+00        0.000E+00        0.000E+00        0.000E+00        0.000E+00        0.000E+00        0.000E+00        1.039E-06        0.000E+00        0.000E+00
  31 1998        5.196E-02        0.000E+00        0.000E+00        0.000E+00        0.000E+00        0.000E+00        0.000E+00        0.000E+00        0.000E+00        0.000E+00        0.000E+00        0.000E+00        0.000E+00        0.000E+00        0.000E+00        0.000E+00        0.000E+00        1.039E-06        0.000E+00        0.000E+00
  32 1998        8.845E-02        0.000E+00        0.000E+00        0.000E+00        0.000E+00        0.000E+00        0.000E+00        0.000E+00        0.000E+00        0.000E+00        0.000E+00        0.000E+00        0.000E+00        0.000E+00        0.000E+00        0.000E+00        0.000E+00        1.769E-06        0.000E+00        0.000E+00
  33 1998        8.845E-02        0.000E+00        0.000E+00        0.000E+00        0.000E+00        0.000E+00        0.000E+00        0.000E+00        0.000E+00        0.000E+00        0.000E+00        0.000E+00        0.000E+00        0.000E+00        0.000E+00        0.000E+00        0.000E+00        1.769E-06        0.000E+00        0.000E+00
  34 1998        8.845E-02        0.000E+00        0.000E+00        0.000E+00        0.000E+00        0.000E+00        0.000E+00        0.000E+00        0.000E+00        0.000E+00        0.000E+00        0.000E+00        0.000E+00        0.000E+00        0.000E+00        0.000E+00        0.000E+00        1.769E-06        0.000E+00        0.000E+00
  35 1998        8.845E-02        0.000E+00        0.000E+00        0.000E+00        0.000E+00        0.000E+00        0.000E+00        0.000E+00        0.000E+00        0.000E+00        0.000E+00        0.000E+00        0.000E+00        0.000E+00        0.000E+00        0.000E+00        0.000E+00        1.769E-06        0.000E+00        0.000E+00
  36 1998        8.845E-02        0.000E+00        0.000E+00        0.000E+00        0.000E+00        0.000E+00        0.000E+00        0.000E+00        0.000E+00        0.000E+00        0.000E+00        0.000E+00        0.000E+00        0.000E+00        0.000E+00        0.000E+00        0.000E+00        1.769E-06        0.000E+00        0.000E+00
  37 1998        8.845E-02        0.000E+00        0.000E+00        0.000E+00        0.000E+00        0.000E+00        0.000E+00        0.000E+00        0.000E+00        0.000E+00        0.000E+00        0.000E+00        0.000E+00        0.000E+00        0.000E+00        0.000E+00        0.000E+00        1.769E-06        0.000E+00        0.000E+00
  38 1998        8.845E-02        0.000E+00        0.000E+00        0.000E+00        0.000E+00        0.000E+00        0.000E+00        0.000E+00        0.000E+00        0.000E+00        0.000E+00        0.000E+00        0.000E+00        0.000E+00        0.000E+00        0.000E+00        0.000E+00        1.769E-06        0.000E+00        0.000E+00
  39 1998        8.845E-02        0.000E+00        0.000E+00        0.000E+00        0.000E+00        0.000E+00        0.000E+00        0.000E+00        0.000E+00        0.000E+00        0.000E+00        0.000E+00        0.000E+00        0.000E+00        0.000E+00        0.000E+00        0.000E+00        1.769E-06        0.000E+00        0.000E+00
  40 1998        8.845E-02        0.000E+00        0.000E+00        0.000E+00        0.000E+00        0.000E+00        0.000E+00        0.000E+00        0.000E+00        0.000E+00        0.000E+00        0.000E+00        0.000E+00        0.000E+00        0.000E+00        0.000E+00        0.000E+00        1.769E-06        0.000E+00        0.000E+00
  41 1998        8.845E-02        0.000E+00        0.000E+00        0.000E+00        0.000E+00        0.000E+00        0.000E+00        0.000E+00        0.000E+00        0.000E+00        0.000E+00        0.000E+00        0.000E+00        0.000E+00        0.000E+00        0.000E+00        0.000E+00        1.769E-06        0.000E+00        0.000E+00
  42 1998        8.845E-02        0.000E+00        0.000E+00        0.000E+00        0.000E+00        0.000E+00        0.000E+00        0.000E+00        0.000E+00        0.000E+00        0.000E+00        0.000E+00        0.000E+00        0.000E+00        0.000E+00        0.000E+00        0.000E+00        1.769E-06        0.000E+00        0.000E+00
  43 1998        8.845E-02        0.000E+00        0.000E+00        0.000E+00        0.000E+00        0.000E+00        0.000E+00        0.000E+00        0.000E+00        0.000E+00        0.000E+00        0.000E+00        0.000E+00        0.000E+00        0.000E+00        0.000E+00        0.000E+00        1.769E-06        0.000E+00        0.000E+00
  44 1998        8.845E-02        0.000E+00        0.000E+00        0.000E+00        0.000E+00        0.000E+00        0.000E+00        0.000E+00        0.000E+00        0.000E+00        0.000E+00        0.000E+00        0.000E+00        0.000E+00        0.000E+00        0.000E+00        0.000E+00        1.769E-06        0.000E+00        0.000E+00
  45 1998        8.845E-02        0.000E+00        0.000E+00        0.000E+00        0.000E+00        0.000E+00        0.000E+00        0.000E+00        0.000E+00        0.000E+00        0.000E+00        0.000E+00        0.000E+00        0.000E+00        0.000E+00        0.000E+00        0.000E+00        1.769E-06        0.000E+00        0.000E+00
  46 1998        8.845E-02        0.000E+00        0.000E+00        0.000E+00        0.000E+00        0.000E+00        0.000E+00        0.000E+00        0.000E+00        0.000E+00        0.000E+00        0.000E+00        0.000E+00        0.000E+00        0.000E+00        0.000E+00        0.000E+00        1.769E-06        0.000E+00        0.000E+00
  47 1998        8.845E-02        0.000E+00        0.000E+00        0.000E+00        0.000E+00        0.000E+00        0.000E+00        0.000E+00        0.000E+00        0.000E+00        0.000E+00        0.000E+00        0.000E+00        0.000E+00        0.000E+00        0.000E+00        0.000E+00        1.769E-06        0.000E+00        0.000E+00
  48 1998        8.845E-02        0.000E+00        0.000E+00        0.000E+00        0.000E+00        0.000E+00        0.000E+00        0.000E+00        0.000E+00        0.000E+00        0.000E+00        0.000E+00        0.000E+00        0.000E+00        0.000E+00        0.000E+00        0.000E+00        1.769E-06        0.000E+00        0.000E+00
  49 1998        8.845E-02        0.000E+00        0.000E+00        0.000E+00        0.000E+00        0.000E+00        0.000E+00        0.000E+00        0.000E+00        0.000E+00        0.000E+00        0.000E+00        0.000E+00        0.000E+00        0.000E+00        0.000E+00        0.000E+00        1.769E-06        0.000E+00        0.000E+00
  50 1998        8.845E-02        0.000E+00        0.000E+00        0.000E+00        0.000E+00        0.000E+00        0.000E+00        0.000E+00        0.000E+00        0.000E+00        0.000E+00        0.000E+00        0.000E+00        0.000E+00        0.000E+00        0.000E+00        0.000E+00        1.769E-06        0.000E+00        0.000E+00
  51 1998        8.845E-02        0.000E+00        0.000E+00        0.000E+00        0.000E+00        0.000E+00        0.000E+00        0.000E+00        0.000E+00        0.000E+00        0.000E+00        0.000E+00        0.000E+00        0.000E+00        0.000E+00        0.000E+00        0.000E+00        1.769E-06        0.000E+00        0.000E+00
  52 1998        8.845E-02        0.000E+00        0.000E+00        0.000E+00        0.000E+00        0.000E+00        0.000E+00        0.000E+00        0.000E+00        0.000E+00        0.000E+00        0.000E+00        0.000E+00        0.000E+00        0.000E+00        0.000E+00        0.000E+00        1.769E-06        0.000E+00        0.000E+00
  53 1998        8.845E-02        0.000E+00        0.000E+00        0.000E+00        0.000E+00        0.000E+00        0.000E+00        0.000E+00        0.000E+00        0.000E+00        0.000E+00        0.000E+00        0.000E+00        0.000E+00        0.000E+00        0.000E+00        0.000E+00        1.769E-06        0.000E+00        0.000E+00
  54 1998        8.845E-02        0.000E+00        0.000E+00        0.000E+00        0.000E+00        0.000E+00        0.000E+00        0.000E+00        0.000E+00        0.000E+00        0.000E+00        0.000E+00        0.000E+00        0.000E+00        0.000E+00        0.000E+00        0.000E+00        1.769E-06        0.000E+00        0.000E+00
  55 1998        8.845E-02        0.000E+00        0.000E+00        0.000E+00        0.000E+00        0.000E+00        0.000E+00        0.000E+00        0.000E+00        0.000E+00        0.000E+00        0.000E+00        0.000E+00        0.000E+00        0.000E+00        0.000E+00        0.000E+00        1.769E-06        0.000E+00        0.000E+00
  56 1998        8.845E-02        0.000E+00        0.000E+00        0.000E+00        0.000E+00        0.000E+00        0.000E+00        0.000E+00        0.000E+00        0.000E+00        0.000E+00        0.000E+00        0.000E+00        0.000E+00        0.000E+00        0.000E+00        0.000E+00        1.769E-06        0.000E+00        0.000E+00
  57 1998        8.845E-02        0.000E+00        0.000E+00        0.000E+00        0.000E+00        0.000E+00        0.000E+00        0.000E+00        0.000E+00        0.000E+00        0.000E+00        0.000E+00        0.000E+00        0.000E+00        0.000E+00        0.000E+00        0.000E+00        1.769E-06        0.000E+00        0.000E+00
  58 1998        8.845E-02        0.000E+00        0.000E+00        0.000E+00        0.000E+00        0.000E+00        0.000E+00        0.000E+00        0.000E+00        0.000E+00        0.000E+00        0.000E+00        0.000E+00        0.000E+00        0.000E+00        0.000E+00        0.000E+00        1.769E-06        0.000E+00        0.000E+00
  59 1998        8.845E-02        0.000E+00        0.000E+00        0.000E+00        0.000E+00        0.000E+00        0.000E+00        0.000E+00        0.000E+00        0.000E+00        0.000E+00        0.000E+00        0.000E+00        0.000E+00        0.000E+00        0.000E+00        0.000E+00        1.769E-06        0.000E+00        0.000E+00
  60 1998        1.239E-01        0.000E+00        0.000E+00        0.000E+00        0.000E+00        0.000E+00        0.000E+00        0.000E+00        0.000E+00        0.000E+00        0.000E+00        0.000E+00        0.000E+00        0.000E+00        0.000E+00        0.000E+00        0.000E+00        2.478E-06        0.000E+00        0.000E+00
  61 1998        1.239E-01        0.000E+00        0.000E+00        0.000E+00        0.000E+00        0.000E+00        0.000E+00        0.000E+00        0.000E+00        0.000E+00        0.000E+00        0.000E+00        0.000E+00        0.000E+00        0.000E+00        0.000E+00        0.000E+00        2.478E-06        0.000E+00        0.000E+00
  62 1998        1.239E-01        0.000E+00        0.000E+00        0.000E+00        0.000E+00        0.000E+00        0.000E+00        0.000E+00        0.000E+00        0.000E+00        0.000E+00        0.000E+00        0.000E+00        0.000E+00        0.000E+00        0.000E+00        0.000E+00        2.478E-06        0.000E+00        0.000E+00
  63 1998        1.239E-01        0.000E+00        0.000E+00        0.000E+00        0.000E+00        0.000E+00        0.000E+00        0.000E+00        0.000E+00        0.000E+00        0.000E+00        0.000E+00        0.000E+00        0.000E+00        0.000E+00        0.000E+00        0.000E+00        2.478E-06        0.000E+00        0.000E+00
  64 1998        1.239E-01        0.000E+00        0.000E+00        0.000E+00        0.000E+00        0.000E+00        0.000E+00        0.000E+00        0.000E+00        0.000E+00        0.000E+00        0.000E+00        0.000E+00        0.000E+00        0.000E+00        0.000E+00        0.000E+00        2.478E-06        0.000E+00        0.000E+00
  65 1998        1.239E-01        0.000E+00        0.000E+00        0.000E+00        0.000E+00        0.000E+00        0.000E+00        0.000E+00        0.000E+00        0.000E+00        0.000E+00        0.000E+00        0.000E+00        0.000E+00        0.000E+00        0.000E+00        0.000E+00        2.478E-06        0.000E+00        0.000E+00
  66 1998        1.239E-01        0.000E+00        0.000E+00        0.000E+00        0.000E+00        0.000E+00        0.000E+00        0.000E+00        0.000E+00        0.000E+00        0.000E+00        0.000E+00        0.000E+00        0.000E+00        0.000E+00        0.000E+00        0.000E+00        2.478E-06        0.000E+00        0.000E+00
  67 1998        1.239E-01        0.000E+00        0.000E+00        0.000E+00        0.000E+00        0.000E+00        0.000E+00        0.000E+00        0.000E+00        0.000E+00        0.000E+00        0.000E+00        0.000E+00        0.000E+00        0.000E+00        0.000E+00        0.000E+00        2.478E-06        0.000E+00        0.000E+00
  68 1998        1.239E-01        0.000E+00        0.000E+00        0.000E+00        0.000E+00        0.000E+00        0.000E+00        0.000E+00        0.000E+00        0.000E+00        0.000E+00        0.000E+00        0.000E+00        0.000E+00        0.000E+00        0.000E+00        0.000E+00        2.478E-06        0.000E+00        0.000E+00
  69 1998        1.239E-01        0.000E+00        0.000E+00        0.000E+00        0.000E+00        0.000E+00        0.000E+00        0.000E+00        0.000E+00        0.000E+00        0.000E+00        0.000E+00        0.000E+00        0.000E+00        0.000E+00        0.000E+00        0.000E+00        2.478E-06        0.000E+00        0.000E+00
  70 1998        1.239E-01        0.000E+00        0.000E+00        0.000E+00        0.000E+00        0.000E+00        0.000E+00        0.000E+00        0.000E+00        0.000E+00        0.000E+00        0.000E+00        0.000E+00        0.000E+00        0.000E+00        0.000E+00        0.000E+00        2.478E-06        0.000E+00        0.000E+00
  71 1998        1.239E-01        0.000E+00        0.000E+00        0.000E+00        0.000E+00        0.000E+00        0.000E+00        0.000E+00        0.000E+00        0.000E+00        0.000E+00        0.000E+00        0.000E+00        0.000E+00        0.000E+00        0.000E+00        0.000E+00        2.478E-06        0.000E+00        0.000E+00
  72 1998        1.239E-01        0.000E+00        0.000E+00        0.000E+00        0.000E+00        0.000E+00        0.000E+00        0.000E+00        0.000E+00        0.000E+00        0.000E+00        0.000E+00        0.000E+00        0.000E+00        0.000E+00        0.000E+00        0.000E+00        2.478E-06        0.000E+00        0.000E+00
  73 1998        1.239E-01        0.000E+00        0.000E+00        0.000E+00        0.000E+00        0.000E+00        0.000E+00        0.000E+00        0.000E+00        0.000E+00        0.000E+00        0.000E+00        0.000E+00        0.000E+00        0.000E+00        0.000E+00        0.000E+00        2.478E-06        0.000E+00        0.000E+00
  74 1998        1.239E-01        0.000E+00        0.000E+00        0.000E+00        0.000E+00        0.000E+00        0.000E+00        0.000E+00        0.000E+00        0.000E+00        0.000E+00        0.000E+00        0.000E+00        0.000E+00        0.000E+00        0.000E+00        0.000E+00        2.478E-06        0.000E+00        0.000E+00
  75 1998        1.239E-01        0.000E+00        0.000E+00        0.000E+00        0.000E+00        0.000E+00        0.000E+00        0.000E+00        0.000E+00        0.000E+00        0.000E+00        0.000E+00        0.000E+00        0.000E+00        0.000E+00        0.000E+00        0.000E+00        2.478E-06        0.000E+00        0.000E+00
  76 1998        1.239E-01        0.000E+00        0.000E+00        0.000E+00        0.000E+00        0.000E+00        0.000E+00        0.000E+00        0.000E+00        0.000E+00        0.000E+00        0.000E+00        0.000E+00        0.000E+00        0.000E+00        0.000E+00        0.000E+00        2.478E-06        0.000E+00        0.000E+00
  77 1998        1.239E-01        0.000E+00        0.000E+00        0.000E+00        0.000E+00        0.000E+00        0.000E+00        0.000E+00        0.000E+00        0.000E+00        0.000E+00        0.000E+00        0.000E+00        0.000E+00        0.000E+00        0.000E+00        0.000E+00        2.478E-06        0.000E+00        0.000E+00
  78 1998        1.239E-01        0.000E+00        0.000E+00        0.000E+00        0.000E+00        0.000E+00        0.000E+00        0.000E+00        0.000E+00        0.000E+00        0.000E+00        0.000E+00        0.000E+00        0.000E+00        0.000E+00        0.000E+00        0.000E+00        2.478E-06        0.000E+00        0.000E+00
  79 1998        1.239E-01        0.000E+00        0.000E+00        0.000E+00        0.000E+00        0.000E+00        0.000E+00        0.000E+00        0.000E+00        0.000E+00        0.000E+00        0.000E+00        0.000E+00        0.000E+00        0.000E+00        0.000E+00        0.000E+00        2.478E-06        0.000E+00        0.000E+00
  80 1998        1.239E-01        0.000E+00        0.000E+00        0.000E+00        0.000E+00        0.000E+00        0.000E+00        0.000E+00        0.000E+00        0.000E+00        0.000E+00        0.000E+00        0.000E+00        0.000E+00        0.000E+00        0.000E+00        0.000E+00        2.478E-06        0.000E+00        0.000E+00
  81 1998        1.239E-01        0.000E+00        0.000E+00        0.000E+00        0.000E+00        0.000E+00        0.000E+00        0.000E+00        0.000E+00        0.000E+00        0.000E+00        0.000E+00        0.000E+00        0.000E+00        0.000E+00        0.000E+00        0.000E+00        2.478E-06        0.000E+00        0.000E+00
  82 1998        1.239E-01        0.000E+00        0.000E+00        0.000E+00        0.000E+00        0.000E+00        0.000E+00        0.000E+00        0.000E+00        0.000E+00        0.000E+00        0.000E+00        0.000E+00        0.000E+00        0.000E+00        0.000E+00        0.000E+00        2.478E-06        0.000E+00        0.000E+00
  83 1998        1.239E-01        0.000E+00        0.000E+00        0.000E+00        0.000E+00        0.000E+00        0.000E+00        0.000E+00        0.000E+00        0.000E+00        0.000E+00        0.000E+00        0.000E+00        0.000E+00        0.000E+00        0.000E+00        0.000E+00        2.478E-06        0.000E+00        0.000E+00
  84 1998        1.239E-01        0.000E+00        0.000E+00        0.000E+00        0.000E+00        0.000E+00        0.000E+00        0.000E+00        0.000E+00        0.000E+00        0.000E+00        0.000E+00        0.000E+00        0.000E+00        0.000E+00        0.000E+00        0.000E+00        2.478E-06        0.000E+00        0.000E+00
  85 1998        1.239E-01        0.000E+00        0.000E+00        0.000E+00        0.000E+00        0.000E+00        0.000E+00        0.000E+00        0.000E+00        0.000E+00        0.000E+00        0.000E+00        0.000E+00        0.000E+00        0.000E+00        0.000E+00        0.000E+00        2.478E-06        0.000E+00        0.000E+00
  86 1998        1.239E-01        0.000E+00        0.000E+00        0.000E+00        0.000E+00        0.000E+00        0.000E+00        0.000E+00        0.000E+00        0.000E+00        0.000E+00        0.000E+00        0.000E+00        0.000E+00        0.000E+00        0.000E+00        0.000E+00        2.478E-06        0.000E+00        0.000E+00
  87 1998        1.239E-01        0.000E+00        0.000E+00        0.000E+00        0.000E+00        0.000E+00        0.000E+00        0.000E+00        0.000E+00        0.000E+00        0.000E+00        0.000E+00        0.000E+00        0.000E+00        0.000E+00        0.000E+00        0.000E+00        2.478E-06        0.000E+00        0.000E+00
  88 1998        1.239E-01        0.000E+00        0.000E+00        0.000E+00        0.000E+00        0.000E+00        0.000E+00        0.000E+00        0.000E+00        0.000E+00        0.000E+00        0.000E+00        0.000E+00        0.000E+00        0.000E+00        0.000E+00        0.000E+00        2.478E-06        0.000E+00        0.000E+00
  89 1998        1.239E-01        0.000E+00        0.000E+00        0.000E+00        0.000E+00        0.000E+00        0.000E+00        0.000E+00        0.000E+00        0.000E+00        0.000E+00        0.000E+00        0.000E+00        0.000E+00        0.000E+00        0.000E+00        0.000E+00        2.478E-06        0.000E+00        0.000E+00
  90 1998        1.239E-01        0.000E+00        0.000E+00        0.000E+00        0.000E+00        0.000E+00        0.000E+00        0.000E+00        0.000E+00        0.000E+00        0.000E+00        0.000E+00        0.000E+00        0.000E+00        0.000E+00        0.000E+00        0.000E+00        2.478E-06        0.000E+00        0.000E+00
  91 1998        1.590E-01        0.000E+00        0.000E+00        0.000E+00        0.000E+00        0.000E+00        0.000E+00        0.000E+00        0.000E+00        0.000E+00        0.000E+00        0.000E+00        0.000E+00        0.000E+00        0.000E+00        0.000E+00        0.000E+00        3.179E-06        0.000E+00        0.000E+00
  92 1998        1.590E-01        0.000E+00        0.000E+00        0.000E+00        0.000E+00        0.000E+00        0.000E+00        0.000E+00        0.000E+00        0.000E+00        0.000E+00        0.000E+00        0.000E+00        0.000E+00        0.000E+00        0.000E+00        0.000E+00        3.179E-06        0.000E+00        0.000E+00
  93 1998        1.590E-01        0.000E+00        0.000E+00        0.000E+00        0.000E+00        0.000E+00        0.000E+00        0.000E+00        0.000E+00        0.000E+00        0.000E+00        0.000E+00        0.000E+00        0.000E+00        0.000E+00        0.000E+00        0.000E+00        3.179E-06        0.000E+00        0.000E+00
  94 1998        1.590E-01        0.000E+00        0.000E+00        0.000E+00        0.000E+00        0.000E+00        0.000E+00        0.000E+00        0.000E+00        0.000E+00        0.000E+00        0.000E+00        0.000E+00        0.000E+00        0.000E+00        0.000E+00        0.000E+00        3.179E-06        0.000E+00        0.000E+00
  95 1998        1.590E-01        0.000E+00        0.000E+00        0.000E+00        0.000E+00        0.000E+00        0.000E+00        0.000E+00        0.000E+00        0.000E+00        0.000E+00        0.000E+00        0.000E+00        0.000E+00        0.000E+00        0.000E+00        0.000E+00        3.179E-06        0.000E+00        0.000E+00
  96 1998        1.590E-01        0.000E+00        0.000E+00        0.000E+00        0.000E+00        0.000E+00        0.000E+00        0.000E+00        0.000E+00        0.000E+00        0.000E+00        0.000E+00        0.000E+00        0.000E+00        0.000E+00        0.000E+00        0.000E+00        3.179E-06        0.000E+00        0.000E+00
  97 1998        1.590E-01        0.000E+00        0.000E+00        0.000E+00        0.000E+00        0.000E+00        0.000E+00        0.000E+00        0.000E+00        0.000E+00        0.000E+00        0.000E+00        0.000E+00        0.000E+00        0.000E+00        0.000E+00        0.000E+00        3.179E-06        0.000E+00        0.000E+00
  98 1998        1.590E-01        0.000E+00        0.000E+00        0.000E+00        0.000E+00        0.000E+00        0.000E+00        0.000E+00        0.000E+00        0.000E+00        0.000E+00        0.000E+00        0.000E+00        0.000E+00        0.000E+00        0.000E+00        0.000E+00        3.179E-06        0.000E+00        0.000E+00
  99 1998        1.590E-01        0.000E+00        0.000E+00        0.000E+00        0.000E+00        0.000E+00        0.000E+00        0.000E+00        0.000E+00        0.000E+00        0.000E+00        0.000E+00        0.000E+00        0.000E+00        0.000E+00        0.000E+00        0.000E+00        3.179E-06        0.000E+00        0.000E+00
 100 1998        1.590E-01        0.000E+00        0.000E+00        0.000E+00        0.000E+00        0.000E+00        0.000E+00        0.000E+00        0.000E+00        0.000E+00        0.000E+00        0.000E+00        0.000E+00        0.000E+00        0.000E+00        0.000E+00        0.000E+00        3.179E-06        0.000E+00        0.000E+00
 101 1998        1.590E-01        0.000E+00        0.000E+00        0.000E+00        0.000E+00        0.000E+00        0.000E+00        0.000E+00        0.000E+00        0.000E+00        0.000E+00        0.000E+00        0.000E+00        0.000E+00        0.000E+00        0.000E+00        0.000E+00        3.179E-06        0.000E+00        0.000E+00
 102 1998        1.590E-01        0.000E+00        0.000E+00        0.000E+00        0.000E+00        0.000E+00        0.000E+00        0.000E+00        0.000E+00        0.000E+00        0.000E+00        0.000E+00        0.000E+00        0.000E+00        0.000E+00        0.000E+00        0.000E+00        3.179E-06        0.000E+00        0.000E+00
 103 1998        1.590E-01        0.000E+00        0.000E+00        0.000E+00        0.000E+00        0.000E+00        0.000E+00        0.000E+00        0.000E+00        0.000E+00        0.000E+00        0.000E+00        0.000E+00        0.000E+00        0.000E+00        0.000E+00        0.000E+00        3.179E-06        0.000E+00        0.000E+00
 104 1998        1.590E-01        0.000E+00        0.000E+00        0.000E+00        0.000E+00        0.000E+00        0.000E+00        0.000E+00        0.000E+00        0.000E+00        0.000E+00        0.000E+00        0.000E+00        0.000E+00        0.000E+00        0.000E+00        0.000E+00        3.179E-06        0.000E+00        0.000E+00
 105 1998        1.590E-01        0.000E+00        0.000E+00        0.000E+00        0.000E+00        0.000E+00        0.000E+00        0.000E+00        0.000E+00        0.000E+00        0.000E+00        0.000E+00        0.000E+00        0.000E+00        0.000E+00        0.000E+00        0.000E+00        3.179E-06        0.000E+00        0.000E+00
 106 1998        1.590E-01        0.000E+00        0.000E+00        0.000E+00        0.000E+00        0.000E+00        0.000E+00        0.000E+00        0.000E+00        0.000E+00        0.000E+00        0.000E+00        0.000E+00        0.000E+00        0.000E+00        0.000E+00        0.000E+00        3.179E-06        0.000E+00        0.000E+00
 107 1998        1.590E-01        0.000E+00        0.000E+00        0.000E+00        0.000E+00        0.000E+00        0.000E+00        0.000E+00        0.000E+00        0.000E+00        0.000E+00        0.000E+00        0.000E+00        0.000E+00        0.000E+00        0.000E+00        0.000E+00        3.179E-06        0.000E+00        0.000E+00
 108 1998        1.590E-01        0.000E+00        0.000E+00        0.000E+00        0.000E+00        0.000E+00        0.000E+00        0.000E+00        0.000E+00        0.000E+00        0.000E+00        0.000E+00        0.000E+00        0.000E+00        0.000E+00        0.000E+00        0.000E+00        3.179E-06        0.000E+00        0.000E+00
 109 1998        1.590E-01        0.000E+00        0.000E+00        0.000E+00        0.000E+00        0.000E+00        0.000E+00        0.000E+00        0.000E+00        0.000E+00        0.000E+00        0.000E+00        0.000E+00        0.000E+00        0.000E+00        0.000E+00        0.000E+00        3.179E-06        0.000E+00        0.000E+00
 110 1998        1.590E-01        0.000E+00        0.000E+00        0.000E+00        0.000E+00        0.000E+00        0.000E+00        0.000E+00        0.000E+00        0.000E+00        0.000E+00        0.000E+00        0.000E+00        0.000E+00        0.000E+00        0.000E+00        0.000E+00        3.179E-06        0.000E+00        0.000E+00
 111 1998        1.590E-01        0.000E+00        0.000E+00        0.000E+00        0.000E+00        0.000E+00        0.000E+00        0.000E+00        0.000E+00        0.000E+00        0.000E+00        0.000E+00        0.000E+00        0.000E+00        0.000E+00        0.000E+00        0.000E+00        3.179E-06        0.000E+00        0.000E+00
 112 1998        1.590E-01        0.000E+00        0.000E+00        0.000E+00        0.000E+00        0.000E+00        0.000E+00        0.000E+00        0.000E+00        0.000E+00        0.000E+00        0.000E+00        0.000E+00        0.000E+00        0.000E+00        0.000E+00        0.000E+00        3.179E-06        0.000E+00        0.000E+00
 113 1998        1.590E-01        0.000E+00        0.000E+00        0.000E+00        0.000E+00        0.000E+00        0.000E+00        0.000E+00        0.000E+00        0.000E+00        0.000E+00        0.000E+00        0.000E+00        0.000E+00        0.000E+00        0.000E+00        0.000E+00        3.179E-06        0.000E+00        0.000E+00
 114 1998        1.590E-01        0.000E+00        0.000E+00        0.000E+00        0.000E+00        0.000E+00        0.000E+00        0.000E+00        0.000E+00        0.000E+00        0.000E+00        0.000E+00        0.000E+00        0.000E+00        0.000E+00        0.000E+00        0.000E+00        3.179E-06        0.000E+00        0.000E+00
 115 1998        1.590E-01        0.000E+00        0.000E+00        0.000E+00        0.000E+00        0.000E+00        0.000E+00        0.000E+00        0.000E+00        0.000E+00        0.000E+00        0.000E+00        0.000E+00        0.000E+00        0.000E+00        0.000E+00        0.000E+00        3.179E-06        0.000E+00        0.000E+00
 116 1998        1.590E-01        0.000E+00        0.000E+00        0.000E+00        0.000E+00        0.000E+00        0.000E+00        0.000E+00        0.000E+00        0.000E+00        0.000E+00        0.000E+00        0.000E+00        0.000E+00        0.000E+00        0.000E+00        0.000E+00        3.179E-06        0.000E+00        0.000E+00
 117 1998        1.590E-01        0.000E+00        0.000E+00        0.000E+00        0.000E+00        0.000E+00        0.000E+00        0.000E+00        0.000E+00        0.000E+00        0.000E+00        0.000E+00        0.000E+00        0.000E+00        0.000E+00        0.000E+00        0.000E+00        3.179E-06        0.000E+00        0.000E+00
 118 1998        1.590E-01        0.000E+00        0.000E+00        0.000E+00        0.000E+00        0.000E+00        0.000E+00        0.000E+00        0.000E+00        0.000E+00        0.000E+00        0.000E+00        0.000E+00        0.000E+00        0.000E+00        0.000E+00        0.000E+00        3.179E-06        0.000E+00        0.000E+00
 119 1998        1.590E-01        0.000E+00        0.000E+00        0.000E+00        0.000E+00        0.000E+00        0.000E+00        0.000E+00        0.000E+00        0.000E+00        0.000E+00        0.000E+00        0.000E+00        0.000E+00        0.000E+00        0.000E+00        0.000E+00        3.179E-06        0.000E+00        0.000E+00
 120 1998        1.590E-01        0.000E+00        0.000E+00        0.000E+00        0.000E+00        0.000E+00        0.000E+00        0.000E+00        0.000E+00        0.000E+00        0.000E+00        0.000E+00        0.000E+00        0.000E+00        0.000E+00        0.000E+00        0.000E+00        3.179E-06        0.000E+00        0.000E+00
 121 1998        1.957E-01        0.000E+00        0.000E+00        0.000E+00        0.000E+00        0.000E+00        0.000E+00        0.000E+00        0.000E+00        0.000E+00        0.000E+00        0.000E+00        0.000E+00        0.000E+00        0.000E+00        0.000E+00        0.000E+00        3.915E-06        0.000E+00        0.000E+00
 122 1998        1.957E-01        0.000E+00        0.000E+00        0.000E+00        0.000E+00        0.000E+00        0.000E+00        0.000E+00        0.000E+00        0.000E+00        0.000E+00        0.000E+00        0.000E+00        0.000E+00        0.000E+00        0.000E+00        0.000E+00        3.915E-06        0.000E+00        0.000E+00
 123 1998        1.957E-01        0.000E+00        0.000E+00        0.000E+00        0.000E+00        0.000E+00        0.000E+00        0.000E+00        0.000E+00        0.000E+00        0.000E+00        0.000E+00        0.000E+00        0.000E+00        0.000E+00        0.000E+00        0.000E+00        3.915E-06        0.000E+00        0.000E+00
 124 1998        1.957E-01        0.000E+00        0.000E+00        0.000E+00        0.000E+00        0.000E+00        0.000E+00        0.000E+00        0.000E+00        0.000E+00        0.000E+00        0.000E+00        0.000E+00        0.000E+00        0.000E+00        0.000E+00        0.000E+00        3.915E-06        0.000E+00        0.000E+00
 125 1998        1.957E-01        0.000E+00        0.000E+00        0.000E+00        0.000E+00        0.000E+00        0.000E+00        0.000E+00        0.000E+00        0.000E+00        0.000E+00        0.000E+00        0.000E+00        0.000E+00        0.000E+00        0.000E+00        0.000E+00        3.915E-06        0.000E+00        0.000E+00
 126 1998        1.957E-01        0.000E+00        0.000E+00        0.000E+00        0.000E+00        0.000E+00        0.000E+00        0.000E+00        0.000E+00        0.000E+00        0.000E+00        0.000E+00        0.000E+00        0.000E+00        0.000E+00        0.000E+00        0.000E+00        3.915E-06        0.000E+00        0.000E+00
 127 1998        1.957E-01        0.000E+00        0.000E+00        0.000E+00        0.000E+00        0.000E+00        0.000E+00        0.000E+00        0.000E+00        0.000E+00        0.000E+00        0.000E+00        0.000E+00        0.000E+00        0.000E+00        0.000E+00        0.000E+00        3.915E-06        0.000E+00        0.000E+00
 128 1998        1.957E-01        0.000E+00        0.000E+00        0.000E+00        0.000E+00        0.000E+00        0.000E+00        0.000E+00        0.000E+00        0.000E+00        0.000E+00        0.000E+00        0.000E+00        0.000E+00        0.000E+00        0.000E+00        0.000E+00        3.915E-06        0.000E+00        0.000E+00
 129 1998        1.957E-01        0.000E+00        0.000E+00        0.000E+00        0.000E+00        0.000E+00        0.000E+00        0.000E+00        0.000E+00        0.000E+00        0.000E+00        0.000E+00        0.000E+00        0.000E+00        0.000E+00        0.000E+00        0.000E+00        3.915E-06        0.000E+00        0.000E+00
 130 1998        1.957E-01        0.000E+00        0.000E+00        0.000E+00        0.000E+00        0.000E+00        0.000E+00        0.000E+00        0.000E+00        0.000E+00        0.000E+00        0.000E+00        0.000E+00        0.000E+00        0.000E+00        0.000E+00        0.000E+00        3.915E-06        0.000E+00        0.000E+00
 131 1998        1.957E-01        0.000E+00        0.000E+00        0.000E+00        0.000E+00        0.000E+00        0.000E+00        0.000E+00        0.000E+00        0.000E+00        0.000E+00        0.000E+00        0.000E+00        0.000E+00        0.000E+00        0.000E+00        0.000E+00        3.915E-06        0.000E+00        0.000E+00
 132 1998        1.957E-01        0.000E+00        0.000E+00        0.000E+00        0.000E+00        0.000E+00        0.000E+00        0.000E+00        0.000E+00        0.000E+00        0.000E+00        0.000E+00        0.000E+00        0.000E+00        0.000E+00        0.000E+00        0.000E+00        3.915E-06        0.000E+00        0.000E+00
 133 1998        1.957E-01        0.000E+00        0.000E+00        0.000E+00        0.000E+00        0.000E+00        0.000E+00        0.000E+00        0.000E+00        0.000E+00        0.000E+00        0.000E+00        0.000E+00        0.000E+00        0.000E+00        0.000E+00        0.000E+00        3.915E-06        0.000E+00        0.000E+00
 134 1998        1.957E-01        0.000E+00        0.000E+00        0.000E+00        0.000E+00        0.000E+00        0.000E+00        0.000E+00        0.000E+00        0.000E+00        0.000E+00        0.000E+00        0.000E+00        0.000E+00        0.000E+00        0.000E+00        0.000E+00        3.915E-06        0.000E+00        0.000E+00
 135 1998        1.957E-01        0.000E+00        0.000E+00        0.000E+00        0.000E+00        0.000E+00        0.000E+00        0.000E+00        0.000E+00        0.000E+00        0.000E+00        0.000E+00        0.000E+00        0.000E+00        0.000E+00        0.000E+00        0.000E+00        3.915E-06        0.000E+00        0.000E+00
 136 1998        1.957E-01        0.000E+00        0.000E+00        0.000E+00        0.000E+00        0.000E+00        0.000E+00        0.000E+00        0.000E+00        0.000E+00        0.000E+00        0.000E+00        0.000E+00        0.000E+00        0.000E+00        0.000E+00        0.000E+00        3.915E-06        0.000E+00        0.000E+00
 137 1998        1.957E-01        0.000E+00        0.000E+00        0.000E+00        0.000E+00        0.000E+00        0.000E+00        0.000E+00        0.000E+00        0.000E+00        0.000E+00        0.000E+00        0.000E+00        0.000E+00        0.000E+00        0.000E+00        0.000E+00        3.915E-06        0.000E+00        0.000E+00
 138 1998        1.957E-01        0.000E+00        0.000E+00        0.000E+00        0.000E+00        0.000E+00        0.000E+00        0.000E+00        0.000E+00        0.000E+00        0.000E+00        0.000E+00        0.000E+00        0.000E+00        0.000E+00        0.000E+00        0.000E+00        3.915E-06        0.000E+00        0.000E+00
 139 1998        1.957E-01        0.000E+00        0.000E+00        0.000E+00        0.000E+00        0.000E+00        0.000E+00        0.000E+00        0.000E+00        0.000E+00        0.000E+00        0.000E+00        0.000E+00        0.000E+00        0.000E+00        0.000E+00        0.000E+00        3.915E-06        0.000E+00        0.000E+00
 140 1998        1.957E-01        0.000E+00        0.000E+00        0.000E+00        0.000E+00        0.000E+00        0.000E+00        0.000E+00        0.000E+00        0.000E+00        0.000E+00        0.000E+00        0.000E+00        0.000E+00        0.000E+00        0.000E+00        0.000E+00        3.915E-06        0.000E+00        0.000E+00
 141 1998        1.957E-01        0.000E+00        0.000E+00        0.000E+00        0.000E+00        0.000E+00        0.000E+00        0.000E+00        0.000E+00        0.000E+00        0.000E+00        0.000E+00        0.000E+00        0.000E+00        0.000E+00        0.000E+00        0.000E+00        3.915E-06        0.000E+00        0.000E+00
 142 1998        1.957E-01        0.000E+00        0.000E+00        0.000E+00        0.000E+00        0.000E+00        0.000E+00        0.000E+00        0.000E+00        0.000E+00        0.000E+00        0.000E+00        0.000E+00        0.000E+00        0.000E+00        0.000E+00        0.000E+00        3.915E-06        0.000E+00        0.000E+00
 143 1998        1.957E-01        0.000E+00        0.000E+00        0.000E+00        0.000E+00        0.000E+00        0.000E+00        0.000E+00        0.000E+00        0.000E+00        0.000E+00        0.000E+00        0.000E+00        0.000E+00        0.000E+00        0.000E+00        0.000E+00        3.915E-06        0.000E+00        0.000E+00
 144 1998        1.957E-01        0.000E+00        0.000E+00        0.000E+00        0.000E+00        0.000E+00        0.000E+00        0.000E+00        0.000E+00        0.000E+00        0.000E+00        0.000E+00        0.000E+00        0.000E+00        0.000E+00        0.000E+00        0.000E+00        3.915E-06        0.000E+00        0.000E+00
 145 1998        1.957E-01        0.000E+00        0.000E+00        0.000E+00        0.000E+00        0.000E+00        0.000E+00        0.000E+00        0.000E+00        0.000E+00        0.000E+00        0.000E+00        0.000E+00        0.000E+00        0.000E+00        0.000E+00        0.000E+00        3.915E-06        0.000E+00        0.000E+00
 146 1998        1.957E-01        0.000E+00        0.000E+00        0.000E+00        0.000E+00        0.000E+00        0.000E+00        0.000E+00        0.000E+00        0.000E+00        0.000E+00        0.000E+00        0.000E+00        0.000E+00        0.000E+00        0.000E+00        0.000E+00        3.915E-06        0.000E+00        0.000E+00
 147 1998        1.957E-01        0.000E+00        0.000E+00        0.000E+00        0.000E+00        0.000E+00        0.000E+00        0.000E+00        0.000E+00        0.000E+00        0.000E+00        0.000E+00        0.000E+00        0.000E+00        0.000E+00        0.000E+00        0.000E+00        3.915E-06        0.000E+00        0.000E+00
 148 1998        1.957E-01        0.000E+00        0.000E+00        0.000E+00        0.000E+00        0.000E+00        0.000E+00        0.000E+00        0.000E+00        0.000E+00        0.000E+00        0.000E+00        0.000E+00        0.000E+00        0.000E+00        0.000E+00        0.000E+00        3.915E-06        0.000E+00        0.000E+00
 149 1998        1.957E-01        0.000E+00        0.000E+00        0.000E+00        0.000E+00        0.000E+00        0.000E+00        0.000E+00        0.000E+00        0.000E+00        0.000E+00        0.000E+00        0.000E+00        0.000E+00        0.000E+00        0.000E+00        0.000E+00        3.915E-06        0.000E+00        0.000E+00
 150 1998        1.957E-01        0.000E+00        0.000E+00        0.000E+00        0.000E+00        0.000E+00        0.000E+00        0.000E+00        0.000E+00        0.000E+00        0.000E+00        0.000E+00        0.000E+00        0.000E+00        0.000E+00        0.000E+00        0.000E+00        3.915E-06        0.000E+00        0.000E+00
 151 1998        1.957E-01        0.000E+00        0.000E+00        0.000E+00        0.000E+00        0.000E+00        0.000E+00        0.000E+00        0.000E+00        0.000E+00        0.000E+00        0.000E+00        0.000E+00        0.000E+00        0.000E+00        0.000E+00        0.000E+00        3.915E-06        0.000E+00        0.000E+00
 152 1998        2.497E-01        0.000E+00        0.000E+00        0.000E+00        0.000E+00        0.000E+00        0.000E+00        0.000E+00        0.000E+00        0.000E+00        0.000E+00        0.000E+00        0.000E+00        0.000E+00        0.000E+00        0.000E+00        0.000E+00        4.994E-06        0.000E+00        0.000E+00
 153 1998        2.497E-01        0.000E+00        0.000E+00        0.000E+00        0.000E+00        0.000E+00        0.000E+00        0.000E+00        0.000E+00        0.000E+00        0.000E+00        0.000E+00        0.000E+00        0.000E+00        0.000E+00        0.000E+00        0.000E+00        4.994E-06        0.000E+00        0.000E+00
 154 1998        2.497E-01        0.000E+00        0.000E+00        0.000E+00        0.000E+00        0.000E+00        0.000E+00        0.000E+00        0.000E+00        0.000E+00        0.000E+00        0.000E+00        0.000E+00        0.000E+00        0.000E+00        0.000E+00        0.000E+00        4.994E-06        0.000E+00        0.000E+00
 155 1998        2.497E-01        0.000E+00        0.000E+00        0.000E+00        0.000E+00        0.000E+00        0.000E+00        0.000E+00        0.000E+00        0.000E+00        0.000E+00        0.000E+00        0.000E+00        0.000E+00        0.000E+00        0.000E+00        0.000E+00        4.994E-06        0.000E+00        0.000E+00
 156 1998        2.497E-01        0.000E+00        0.000E+00        0.000E+00        0.000E+00        0.000E+00        0.000E+00        0.000E+00        0.000E+00        0.000E+00        0.000E+00        0.000E+00        0.000E+00        0.000E+00        0.000E+00        0.000E+00        0.000E+00        4.994E-06        0.000E+00        0.000E+00
 157 1998        2.497E-01        0.000E+00        0.000E+00        0.000E+00        0.000E+00        0.000E+00        0.000E+00        0.000E+00        0.000E+00        0.000E+00        0.000E+00        0.000E+00        0.000E+00        0.000E+00        0.000E+00        0.000E+00        0.000E+00        4.994E-06        0.000E+00        0.000E+00
 158 1998        2.497E-01        0.000E+00        0.000E+00        0.000E+00        0.000E+00        0.000E+00        0.000E+00        0.000E+00        0.000E+00        0.000E+00        0.000E+00        0.000E+00        0.000E+00        0.000E+00        0.000E+00        0.000E+00        0.000E+00        4.994E-06        0.000E+00        0.000E+00
 159 1998        2.497E-01        0.000E+00        0.000E+00        0.000E+00        0.000E+00        0.000E+00        0.000E+00        0.000E+00        0.000E+00        0.000E+00        0.000E+00        0.000E+00        0.000E+00        0.000E+00        0.000E+00        0.000E+00        0.000E+00        4.994E-06        0.000E+00        0.000E+00
 160 1998        2.497E-01        0.000E+00        0.000E+00        0.000E+00        0.000E+00        0.000E+00        0.000E+00        0.000E+00        0.000E+00        0.000E+00        0.000E+00        0.000E+00        0.000E+00        0.000E+00        0.000E+00        0.000E+00        0.000E+00        4.994E-06        0.000E+00        0.000E+00
 161 1998        2.497E-01        0.000E+00        0.000E+00        0.000E+00        0.000E+00        0.000E+00        0.000E+00        0.000E+00        0.000E+00        0.000E+00        0.000E+00        0.000E+00        0.000E+00        0.000E+00        0.000E+00        0.000E+00        0.000E+00        4.994E-06        0.000E+00        0.000E+00
 162 1998        2.497E-01        0.000E+00        0.000E+00        0.000E+00        0.000E+00        0.000E+00        0.000E+00        0.000E+00        0.000E+00        0.000E+00        0.000E+00        0.000E+00        0.000E+00        0.000E+00        0.000E+00        0.000E+00        0.000E+00        4.994E-06        0.000E+00        0.000E+00
 163 1998        2.497E-01        0.000E+00        0.000E+00        0.000E+00        0.000E+00        0.000E+00        0.000E+00        0.000E+00        0.000E+00        0.000E+00        0.000E+00        0.000E+00        0.000E+00        0.000E+00        0.000E+00        0.000E+00        0.000E+00        4.994E-06        0.000E+00        0.000E+00
 164 1998        2.497E-01        0.000E+00        0.000E+00        0.000E+00        0.000E+00        0.000E+00        0.000E+00        0.000E+00        0.000E+00        0.000E+00        0.000E+00        0.000E+00        0.000E+00        0.000E+00        0.000E+00        0.000E+00        0.000E+00        4.994E-06        0.000E+00        0.000E+00
 165 1998        2.497E-01        0.000E+00        0.000E+00        0.000E+00        0.000E+00        0.000E+00        0.000E+00        0.000E+00        0.000E+00        0.000E+00        0.000E+00        0.000E+00        0.000E+00        0.000E+00        0.000E+00        0.000E+00        0.000E+00        4.994E-06        0.000E+00        0.000E+00
 166 1998        2.497E-01        0.000E+00        0.000E+00        0.000E+00        0.000E+00        0.000E+00        0.000E+00        0.000E+00        0.000E+00        0.000E+00        0.000E+00        0.000E+00        0.000E+00        0.000E+00        0.000E+00        0.000E+00        0.000E+00        4.994E-06        0.000E+00        0.000E+00
 167 1998        2.497E-01        0.000E+00        0.000E+00        0.000E+00        0.000E+00        0.000E+00        0.000E+00        0.000E+00        0.000E+00        0.000E+00        0.000E+00        0.000E+00        0.000E+00        0.000E+00        0.000E+00        0.000E+00        0.000E+00        4.994E-06        0.000E+00        0.000E+00
 168 1998        2.497E-01        0.000E+00        0.000E+00        0.000E+00        0.000E+00        0.000E+00        0.000E+00        0.000E+00        0.000E+00        0.000E+00        0.000E+00        0.000E+00        0.000E+00        0.000E+00        0.000E+00        0.000E+00        0.000E+00        4.994E-06        0.000E+00        0.000E+00
 169 1998        2.497E-01        0.000E+00        0.000E+00        0.000E+00        0.000E+00        0.000E+00        0.000E+00        0.000E+00        0.000E+00        0.000E+00        0.000E+00        0.000E+00        0.000E+00        0.000E+00        0.000E+00        0.000E+00        0.000E+00        4.994E-06        0.000E+00        0.000E+00
 170 1998        2.497E-01        0.000E+00        0.000E+00        0.000E+00        0.000E+00        0.000E+00        0.000E+00        0.000E+00        0.000E+00        0.000E+00        0.000E+00        0.000E+00        0.000E+00        0.000E+00        0.000E+00        0.000E+00        0.000E+00        4.994E-06        0.000E+00        0.000E+00
 171 1998        2.497E-01        0.000E+00        0.000E+00        0.000E+00        0.000E+00        0.000E+00        0.000E+00        0.000E+00        0.000E+00        0.000E+00        0.000E+00        0.000E+00        0.000E+00        0.000E+00        0.000E+00        0.000E+00        0.000E+00        4.994E-06        0.000E+00        0.000E+00
 172 1998        2.497E-01        0.000E+00        0.000E+00        0.000E+00        0.000E+00        0.000E+00        0.000E+00        0.000E+00        0.000E+00        0.000E+00        0.000E+00        0.000E+00        0.000E+00        0.000E+00        0.000E+00        0.000E+00        0.000E+00        4.994E-06        0.000E+00        0.000E+00
 173 1998        2.497E-01        0.000E+00        0.000E+00        0.000E+00        0.000E+00        0.000E+00        0.000E+00        0.000E+00        0.000E+00        0.000E+00        0.000E+00        0.000E+00        0.000E+00        0.000E+00        0.000E+00        0.000E+00        0.000E+00        4.994E-06        0.000E+00        0.000E+00
 174 1998        2.497E-01        0.000E+00        0.000E+00        0.000E+00        0.000E+00        0.000E+00        0.000E+00        0.000E+00        0.000E+00        0.000E+00        0.000E+00        0.000E+00        0.000E+00        0.000E+00        0.000E+00        0.000E+00        0.000E+00        4.994E-06        0.000E+00        0.000E+00
 175 1998        2.497E-01        0.000E+00        0.000E+00        0.000E+00        0.000E+00        0.000E+00        0.000E+00        0.000E+00        0.000E+00        0.000E+00        0.000E+00        0.000E+00        0.000E+00        0.000E+00        0.000E+00        0.000E+00        0.000E+00        4.994E-06        0.000E+00        0.000E+00
 176 1998        2.497E-01        0.000E+00        0.000E+00        0.000E+00        0.000E+00        0.000E+00        0.000E+00        0.000E+00        0.000E+00        0.000E+00        0.000E+00        0.000E+00        0.000E+00        0.000E+00        0.000E+00        0.000E+00        0.000E+00        4.994E-06        0.000E+00        0.000E+00
 177 1998        2.497E-01        0.000E+00        0.000E+00        0.000E+00        0.000E+00        0.000E+00        0.000E+00        0.000E+00        0.000E+00        0.000E+00        0.000E+00        0.000E+00        0.000E+00        0.000E+00        0.000E+00        0.000E+00        0.000E+00        4.994E-06        0.000E+00        0.000E+00
 178 1998        2.497E-01        0.000E+00        0.000E+00        0.000E+00        0.000E+00        0.000E+00        0.000E+00        0.000E+00        0.000E+00        0.000E+00        0.000E+00        0.000E+00        0.000E+00        0.000E+00        0.000E+00        0.000E+00        0.000E+00        4.994E-06        0.000E+00        0.000E+00
 179 1998        2.497E-01        0.000E+00        0.000E+00        0.000E+00        0.000E+00        0.000E+00        0.000E+00        0.000E+00        0.000E+00        0.000E+00        0.000E+00        0.000E+00        0.000E+00        0.000E+00        0.000E+00        0.000E+00        0.000E+00        4.994E-06        0.000E+00        0.000E+00
 180 1998        2.497E-01        0.000E+00        0.000E+00        0.000E+00        0.000E+00        0.000E+00        0.000E+00        0.000E+00        0.000E+00        0.000E+00        0.000E+00        0.000E+00        0.000E+00        0.000E+00        0.000E+00        0.000E+00        0.000E+00        4.994E-06        0.000E+00        0.000E+00
 181 1998        2.497E-01        0.000E+00        0.000E+00        0.000E+00        0.000E+00        0.000E+00        0.000E+00        0.000E+00        0.000E+00        0.000E+00        0.000E+00        0.000E+00        0.000E+00        0.000E+00        0.000E+00        0.000E+00        0.000E+00        4.994E-06        0.000E+00        0.000E+00
 182 1998        2.431E-01        0.000E+00        0.000E+00        0.000E+00        0.000E+00        0.000E+00        0.000E+00        0.000E+00        0.000E+00        0.000E+00        0.000E+00        0.000E+00        0.000E+00        0.000E+00        0.000E+00        0.000E+00        0.000E+00        4.862E-06        0.000E+00        0.000E+00
 183 1998        2.431E-01        0.000E+00        0.000E+00        0.000E+00        0.000E+00        0.000E+00        0.000E+00        0.000E+00        0.000E+00        0.000E+00        0.000E+00        0.000E+00        0.000E+00        0.000E+00        0.000E+00        0.000E+00        0.000E+00        4.862E-06        0.000E+00        0.000E+00
 184 1998        2.431E-01        0.000E+00        0.000E+00        0.000E+00        0.000E+00        0.000E+00        0.000E+00        0.000E+00        0.000E+00        0.000E+00        0.000E+00        0.000E+00        0.000E+00        0.000E+00        0.000E+00        0.000E+00        0.000E+00        4.862E-06        0.000E+00        0.000E+00
 185 1998        2.431E-01        0.000E+00        0.000E+00        0.000E+00        0.000E+00        0.000E+00        0.000E+00        0.000E+00        0.000E+00        0.000E+00        0.000E+00        0.000E+00        0.000E+00        0.000E+00        0.000E+00        0.000E+00        0.000E+00        4.862E-06        0.000E+00        0.000E+00
 186 1998        2.431E-01        0.000E+00        0.000E+00        0.000E+00        0.000E+00        0.000E+00        0.000E+00        0.000E+00        0.000E+00        0.000E+00        0.000E+00        0.000E+00        0.000E+00        0.000E+00        0.000E+00        0.000E+00        0.000E+00        4.862E-06        0.000E+00        0.000E+00
 187 1998        2.431E-01        0.000E+00        0.000E+00        0.000E+00        0.000E+00        0.000E+00        0.000E+00        0.000E+00        0.000E+00        0.000E+00        0.000E+00        0.000E+00        0.000E+00        0.000E+00        0.000E+00        0.000E+00        0.000E+00        4.862E-06        0.000E+00        0.000E+00
 188 1998        2.431E-01        0.000E+00        0.000E+00        0.000E+00        0.000E+00        0.000E+00        0.000E+00        0.000E+00        0.000E+00        0.000E+00        0.000E+00        0.000E+00        0.000E+00        0.000E+00        0.000E+00        0.000E+00        0.000E+00        4.862E-06        0.000E+00        0.000E+00
 189 1998        2.431E-01        0.000E+00        0.000E+00        0.000E+00        0.000E+00        0.000E+00        0.000E+00        0.000E+00        0.000E+00        0.000E+00        0.000E+00        0.000E+00        0.000E+00        0.000E+00        0.000E+00        0.000E+00        0.000E+00        4.862E-06        0.000E+00        0.000E+00
 190 1998        2.431E-01        0.000E+00        0.000E+00        0.000E+00        0.000E+00        0.000E+00        0.000E+00        0.000E+00        0.000E+00        0.000E+00        0.000E+00        0.000E+00        0.000E+00        0.000E+00        0.000E+00        0.000E+00        0.000E+00        4.862E-06        0.000E+00        0.000E+00
 191 1998        2.431E-01        0.000E+00        0.000E+00        0.000E+00        0.000E+00        0.000E+00        0.000E+00        0.000E+00        0.000E+00        0.000E+00        0.000E+00        0.000E+00        0.000E+00        0.000E+00        0.000E+00        0.000E+00        0.000E+00        4.862E-06        0.000E+00        0.000E+00
 192 1998        2.431E-01        0.000E+00        0.000E+00        0.000E+00        0.000E+00        0.000E+00        0.000E+00        0.000E+00        0.000E+00        0.000E+00        0.000E+00        0.000E+00        0.000E+00        0.000E+00        0.000E+00        0.000E+00        0.000E+00        4.862E-06        0.000E+00        0.000E+00
 193 1998        2.431E-01        0.000E+00        0.000E+00        0.000E+00        0.000E+00        0.000E+00        0.000E+00        0.000E+00        0.000E+00        0.000E+00        0.000E+00        0.000E+00        0.000E+00        0.000E+00        0.000E+00        0.000E+00        0.000E+00        4.862E-06        0.000E+00        0.000E+00
 194 1998        2.431E-01        0.000E+00        0.000E+00        0.000E+00        0.000E+00        0.000E+00        0.000E+00        0.000E+00        0.000E+00        0.000E+00        0.000E+00        0.000E+00        0.000E+00        0.000E+00        0.000E+00        0.000E+00        0.000E+00        4.862E-06        0.000E+00        0.000E+00
 195 1998        2.431E-01        0.000E+00        0.000E+00        0.000E+00        0.000E+00        0.000E+00        0.000E+00        0.000E+00        0.000E+00        0.000E+00        0.000E+00        0.000E+00        0.000E+00        0.000E+00        0.000E+00        0.000E+00        0.000E+00        4.862E-06        0.000E+00        0.000E+00
 196 1998        2.431E-01        0.000E+00        0.000E+00        0.000E+00        0.000E+00        0.000E+00        0.000E+00        0.000E+00        0.000E+00        0.000E+00        0.000E+00        0.000E+00        0.000E+00        0.000E+00        0.000E+00        0.000E+00        0.000E+00        4.862E-06        0.000E+00        0.000E+00
 197 1998        2.431E-01        0.000E+00        0.000E+00        0.000E+00        0.000E+00        0.000E+00        0.000E+00        0.000E+00        0.000E+00        0.000E+00        0.000E+00        0.000E+00        0.000E+00        0.000E+00        0.000E+00        0.000E+00        0.000E+00        4.862E-06        0.000E+00        0.000E+00
 198 1998        2.431E-01        0.000E+00        0.000E+00        0.000E+00        0.000E+00        0.000E+00        0.000E+00        0.000E+00        0.000E+00        0.000E+00        0.000E+00        0.000E+00        0.000E+00        0.000E+00        0.000E+00        0.000E+00        0.000E+00        4.862E-06        0.000E+00        0.000E+00
 199 1998        2.431E-01        0.000E+00        0.000E+00        0.000E+00        0.000E+00        0.000E+00        0.000E+00        0.000E+00        0.000E+00        0.000E+00        0.000E+00        0.000E+00        0.000E+00        0.000E+00        0.000E+00        0.000E+00        0.000E+00        4.862E-06        0.000E+00        0.000E+00
 200 1998        2.431E-01        0.000E+00        0.000E+00        0.000E+00        0.000E+00        0.000E+00        0.000E+00        0.000E+00        0.000E+00        0.000E+00        0.000E+00        0.000E+00        0.000E+00        0.000E+00        0.000E+00        0.000E+00        0.000E+00        4.862E-06        0.000E+00        0.000E+00
 201 1998        2.431E-01        0.000E+00        0.000E+00        0.000E+00        0.000E+00        0.000E+00        0.000E+00        0.000E+00        0.000E+00        0.000E+00        0.000E+00        0.000E+00        0.000E+00        0.000E+00        0.000E+00        0.000E+00        0.000E+00        4.862E-06        0.000E+00        0.000E+00
 202 1998        2.431E-01        0.000E+00        0.000E+00        0.000E+00        0.000E+00        0.000E+00        0.000E+00        0.000E+00        0.000E+00        0.000E+00        0.000E+00        0.000E+00        0.000E+00        0.000E+00        0.000E+00        0.000E+00        0.000E+00        4.862E-06        0.000E+00        0.000E+00
 203 1998        2.431E-01        0.000E+00        0.000E+00        0.000E+00        0.000E+00        0.000E+00        0.000E+00        0.000E+00        0.000E+00        0.000E+00        0.000E+00        0.000E+00        0.000E+00        0.000E+00        0.000E+00        0.000E+00        0.000E+00        4.862E-06        0.000E+00        0.000E+00
 204 1998        2.431E-01        0.000E+00        0.000E+00        0.000E+00        0.000E+00        0.000E+00        0.000E+00        0.000E+00        0.000E+00        0.000E+00        0.000E+00        0.000E+00        0.000E+00        0.000E+00        0.000E+00        0.000E+00        0.000E+00        4.862E-06        0.000E+00        0.000E+00
 205 1998        2.431E-01        0.000E+00        0.000E+00        0.000E+00        0.000E+00        0.000E+00        0.000E+00        0.000E+00        0.000E+00        0.000E+00        0.000E+00        0.000E+00        0.000E+00        0.000E+00        0.000E+00        0.000E+00        0.000E+00        4.862E-06        0.000E+00        0.000E+00
 206 1998        2.431E-01        0.000E+00        0.000E+00        0.000E+00        0.000E+00        0.000E+00        0.000E+00        0.000E+00        0.000E+00        0.000E+00        0.000E+00        0.000E+00        0.000E+00        0.000E+00        0.000E+00        0.000E+00        0.000E+00        4.862E-06        0.000E+00        0.000E+00
 207 1998        2.431E-01        0.000E+00        0.000E+00        0.000E+00        0.000E+00        0.000E+00        0.000E+00        0.000E+00        0.000E+00        0.000E+00        0.000E+00        0.000E+00        0.000E+00        0.000E+00        0.000E+00        0.000E+00        0.000E+00        4.862E-06        0.000E+00        0.000E+00
 208 1998        2.431E-01        0.000E+00        0.000E+00        0.000E+00        0.000E+00        0.000E+00        0.000E+00        0.000E+00        0.000E+00        0.000E+00        0.000E+00        0.000E+00        0.000E+00        0.000E+00        0.000E+00        0.000E+00        0.000E+00        4.862E-06        0.000E+00        0.000E+00
 209 1998        2.431E-01        0.000E+00        0.000E+00        0.000E+00        0.000E+00        0.000E+00        0.000E+00        0.000E+00        0.000E+00        0.000E+00        0.000E+00        0.000E+00        0.000E+00        0.000E+00        0.000E+00        0.000E+00        0.000E+00        4.862E-06        0.000E+00        0.000E+00
 210 1998        2.431E-01        0.000E+00        0.000E+00        0.000E+00        0.000E+00        0.000E+00        0.000E+00        0.000E+00        0.000E+00        0.000E+00        0.000E+00        0.000E+00        0.000E+00        0.000E+00        0.000E+00        0.000E+00        0.000E+00        4.862E-06        0.000E+00        0.000E+00
 211 1998        2.431E-01        0.000E+00        0.000E+00        0.000E+00        0.000E+00        0.000E+00        0.000E+00        0.000E+00        0.000E+00        0.000E+00        0.000E+00        0.000E+00        0.000E+00        0.000E+00        0.000E+00        0.000E+00        0.000E+00        4.862E-06        0.000E+00        0.000E+00
 212 1998        2.431E-01        0.000E+00        0.000E+00        0.000E+00        0.000E+00        0.000E+00        0.000E+00        0.000E+00        0.000E+00        0.000E+00        0.000E+00        0.000E+00        0.000E+00        0.000E+00        0.000E+00        0.000E+00        0.000E+00        4.862E-06        0.000E+00        0.000E+00
 213 1998        2.883E-01        0.000E+00        0.000E+00        0.000E+00        0.000E+00        0.000E+00        0.000E+00        0.000E+00        0.000E+00        0.000E+00        0.000E+00        0.000E+00        0.000E+00        0.000E+00        0.000E+00        0.000E+00        0.000E+00        5.765E-06        0.000E+00        0.000E+00
 214 1998        2.883E-01        0.000E+00        0.000E+00        0.000E+00        0.000E+00        0.000E+00        0.000E+00        0.000E+00        0.000E+00        0.000E+00        0.000E+00        0.000E+00        0.000E+00        0.000E+00        0.000E+00        0.000E+00        0.000E+00        5.765E-06        0.000E+00        0.000E+00
 215 1998        2.883E-01        0.000E+00        0.000E+00        0.000E+00        0.000E+00        0.000E+00        0.000E+00        0.000E+00        0.000E+00        0.000E+00        0.000E+00        0.000E+00        0.000E+00        0.000E+00        0.000E+00        0.000E+00        0.000E+00        5.765E-06        0.000E+00        0.000E+00
 216 1998        2.883E-01        0.000E+00        0.000E+00        0.000E+00        0.000E+00        0.000E+00        0.000E+00        0.000E+00        0.000E+00        0.000E+00        0.000E+00        0.000E+00        0.000E+00        0.000E+00        0.000E+00        0.000E+00        0.000E+00        5.765E-06        0.000E+00        0.000E+00
 217 1998        2.883E-01        0.000E+00        0.000E+00        0.000E+00        0.000E+00        0.000E+00        0.000E+00        0.000E+00        0.000E+00        0.000E+00        0.000E+00        0.000E+00        0.000E+00        0.000E+00        0.000E+00        0.000E+00        0.000E+00        5.765E-06        0.000E+00        0.000E+00
 218 1998        2.883E-01        0.000E+00        0.000E+00        0.000E+00        0.000E+00        0.000E+00        0.000E+00        0.000E+00        0.000E+00        0.000E+00        0.000E+00        0.000E+00        0.000E+00        0.000E+00        0.000E+00        0.000E+00        0.000E+00        5.765E-06        0.000E+00        0.000E+00
 219 1998        2.883E-01        0.000E+00        0.000E+00        0.000E+00        0.000E+00        0.000E+00        0.000E+00        0.000E+00        0.000E+00        0.000E+00        0.000E+00        0.000E+00        0.000E+00        0.000E+00        0.000E+00        0.000E+00        0.000E+00        5.765E-06        0.000E+00        0.000E+00
 220 1998        2.883E-01        0.000E+00        0.000E+00        0.000E+00        0.000E+00        0.000E+00        0.000E+00        0.000E+00        0.000E+00        0.000E+00        0.000E+00        0.000E+00        0.000E+00        0.000E+00        0.000E+00        0.000E+00        0.000E+00        5.765E-06        0.000E+00        0.000E+00
 221 1998        2.883E-01        0.000E+00        0.000E+00        0.000E+00        0.000E+00        0.000E+00        0.000E+00        0.000E+00        0.000E+00        0.000E+00        0.000E+00        0.000E+00        0.000E+00        0.000E+00        0.000E+00        0.000E+00        0.000E+00        5.765E-06        0.000E+00        0.000E+00
 222 1998        2.883E-01        0.000E+00        0.000E+00        0.000E+00        0.000E+00        0.000E+00        0.000E+00        0.000E+00        0.000E+00        0.000E+00        0.000E+00        0.000E+00        0.000E+00        0.000E+00        0.000E+00        0.000E+00        0.000E+00        5.765E-06        0.000E+00        0.000E+00
 223 1998        2.883E-01        0.000E+00        0.000E+00        0.000E+00        0.000E+00        0.000E+00        0.000E+00        0.000E+00        0.000E+00        0.000E+00        0.000E+00        0.000E+00        0.000E+00        0.000E+00        0.000E+00        0.000E+00        0.000E+00        5.765E-06        0.000E+00        0.000E+00
 224 1998        2.883E-01        0.000E+00        0.000E+00        0.000E+00        0.000E+00        0.000E+00        0.000E+00        0.000E+00        0.000E+00        0.000E+00        0.000E+00        0.000E+00        0.000E+00        0.000E+00        0.000E+00        0.000E+00        0.000E+00        5.765E-06        0.000E+00        0.000E+00
 225 1998        2.883E-01        0.000E+00        0.000E+00        0.000E+00        0.000E+00        0.000E+00        0.000E+00        0.000E+00        0.000E+00        0.000E+00        0.000E+00        0.000E+00        0.000E+00        0.000E+00        0.000E+00        0.000E+00        0.000E+00        5.765E-06        0.000E+00        0.000E+00
 226 1998        2.883E-01        0.000E+00        0.000E+00        0.000E+00        0.000E+00        0.000E+00        0.000E+00        0.000E+00        0.000E+00        0.000E+00        0.000E+00        0.000E+00        0.000E+00        0.000E+00        0.000E+00        0.000E+00        0.000E+00        5.765E-06        0.000E+00        0.000E+00
 227 1998        2.883E-01        0.000E+00        0.000E+00        0.000E+00        0.000E+00        0.000E+00        0.000E+00        0.000E+00        0.000E+00        0.000E+00        0.000E+00        0.000E+00        0.000E+00        0.000E+00        0.000E+00        0.000E+00        0.000E+00        5.765E-06        0.000E+00        0.000E+00
 228 1998        2.883E-01        0.000E+00        0.000E+00        0.000E+00        0.000E+00        0.000E+00        0.000E+00        0.000E+00        0.000E+00        0.000E+00        0.000E+00        0.000E+00        0.000E+00        0.000E+00        0.000E+00        0.000E+00        0.000E+00        5.765E-06        0.000E+00        0.000E+00
 229 1998        2.883E-01        0.000E+00        0.000E+00        0.000E+00        0.000E+00        0.000E+00        0.000E+00        0.000E+00        0.000E+00        0.000E+00        0.000E+00        0.000E+00        0.000E+00        0.000E+00        0.000E+00        0.000E+00        0.000E+00        5.765E-06        0.000E+00        0.000E+00
 230 1998        2.883E-01        0.000E+00        0.000E+00        0.000E+00        0.000E+00        0.000E+00        0.000E+00        0.000E+00        0.000E+00        0.000E+00        0.000E+00        0.000E+00        0.000E+00        0.000E+00        0.000E+00        0.000E+00        0.000E+00        5.765E-06        0.000E+00        0.000E+00
 231 1998        2.883E-01        0.000E+00        0.000E+00        0.000E+00        0.000E+00        0.000E+00        0.000E+00        0.000E+00        0.000E+00        0.000E+00        0.000E+00        0.000E+00        0.000E+00        0.000E+00        0.000E+00        0.000E+00        0.000E+00        5.765E-06        0.000E+00        0.000E+00
 232 1998        2.883E-01        0.000E+00        0.000E+00        0.000E+00        0.000E+00        0.000E+00        0.000E+00        0.000E+00        0.000E+00        0.000E+00        0.000E+00        0.000E+00        0.000E+00        0.000E+00        0.000E+00        0.000E+00        0.000E+00        5.765E-06        0.000E+00        0.000E+00
 233 1998        2.883E-01        0.000E+00        0.000E+00        0.000E+00        0.000E+00        0.000E+00        0.000E+00        0.000E+00        0.000E+00        0.000E+00        0.000E+00        0.000E+00        0.000E+00        0.000E+00        0.000E+00        0.000E+00        0.000E+00        5.765E-06        0.000E+00        0.000E+00
 234 1998        2.883E-01        0.000E+00        0.000E+00        0.000E+00        0.000E+00        0.000E+00        0.000E+00        0.000E+00        0.000E+00        0.000E+00        0.000E+00        0.000E+00        0.000E+00        0.000E+00        0.000E+00        0.000E+00        0.000E+00        5.765E-06        0.000E+00        0.000E+00
 235 1998        2.883E-01        0.000E+00        0.000E+00        0.000E+00        0.000E+00        0.000E+00        0.000E+00        0.000E+00        0.000E+00        0.000E+00        0.000E+00        0.000E+00        0.000E+00        0.000E+00        0.000E+00        0.000E+00        0.000E+00        5.765E-06        0.000E+00        0.000E+00
 236 1998        2.883E-01        0.000E+00        0.000E+00        0.000E+00        0.000E+00        0.000E+00        0.000E+00        0.000E+00        0.000E+00        0.000E+00        0.000E+00        0.000E+00        0.000E+00        0.000E+00        0.000E+00        0.000E+00        0.000E+00        5.765E-06        0.000E+00        0.000E+00
 237 1998        2.883E-01        0.000E+00        0.000E+00        0.000E+00        0.000E+00        0.000E+00        0.000E+00        0.000E+00        0.000E+00        0.000E+00        0.000E+00        0.000E+00        0.000E+00        0.000E+00        0.000E+00        0.000E+00        0.000E+00        5.765E-06        0.000E+00        0.000E+00
 238 1998        2.883E-01        0.000E+00        0.000E+00        0.000E+00        0.000E+00        0.000E+00        0.000E+00        0.000E+00        0.000E+00        0.000E+00        0.000E+00        0.000E+00        0.000E+00        0.000E+00        0.000E+00        0.000E+00        0.000E+00        5.765E-06        0.000E+00        0.000E+00
 239 1998        2.883E-01        0.000E+00        0.000E+00        0.000E+00        0.000E+00        0.000E+00        0.000E+00        0.000E+00        0.000E+00        0.000E+00        0.000E+00        0.000E+00        0.000E+00        0.000E+00        0.000E+00        0.000E+00        0.000E+00        5.765E-06        0.000E+00        0.000E+00
 240 1998        2.883E-01        0.000E+00        0.000E+00        0.000E+00        0.000E+00        0.000E+00        0.000E+00        0.000E+00        0.000E+00        0.000E+00        0.000E+00        0.000E+00        0.000E+00        0.000E+00        0.000E+00        0.000E+00        0.000E+00        5.765E-06        0.000E+00        0.000E+00
 241 1998        2.883E-01        0.000E+00        0.000E+00        0.000E+00        0.000E+00        0.000E+00        0.000E+00        0.000E+00        0.000E+00        0.000E+00        0.000E+00        0.000E+00        0.000E+00        0.000E+00        0.000E+00        0.000E+00        0.000E+00        5.765E-06        0.000E+00        0.000E+00
 242 1998        2.883E-01        0.000E+00        0.000E+00        0.000E+00        0.000E+00        0.000E+00        0.000E+00        0.000E+00        0.000E+00        0.000E+00        0.000E+00        0.000E+00        0.000E+00        0.000E+00        0.000E+00        0.000E+00        0.000E+00        5.765E-06        0.000E+00        0.000E+00
 243 1998        2.883E-01        0.000E+00        0.000E+00        0.000E+00        0.000E+00        0.000E+00        0.000E+00        0.000E+00        0.000E+00        0.000E+00        0.000E+00        0.000E+00        0.000E+00        0.000E+00        0.000E+00        0.000E+00        0.000E+00        5.765E-06        0.000E+00        0.000E+00
 244 1998        3.287E-01        0.000E+00        0.000E+00        0.000E+00        0.000E+00        0.000E+00        0.000E+00        0.000E+00        0.000E+00        0.000E+00        0.000E+00        0.000E+00        0.000E+00        0.000E+00        0.000E+00        0.000E+00        0.000E+00        6.574E-06        0.000E+00        0.000E+00
 245 1998        3.287E-01        0.000E+00        0.000E+00        0.000E+00        0.000E+00        0.000E+00        0.000E+00        0.000E+00        0.000E+00        0.000E+00        0.000E+00        0.000E+00        0.000E+00        0.000E+00        0.000E+00        0.000E+00        0.000E+00        6.574E-06        0.000E+00        0.000E+00
 246 1998        3.287E-01        0.000E+00        0.000E+00        0.000E+00        0.000E+00        0.000E+00        0.000E+00        0.000E+00        0.000E+00        0.000E+00        0.000E+00        0.000E+00        0.000E+00        0.000E+00        0.000E+00        0.000E+00        0.000E+00        6.574E-06        0.000E+00        0.000E+00
 247 1998        3.287E-01        0.000E+00        0.000E+00        0.000E+00        0.000E+00        0.000E+00        0.000E+00        0.000E+00        0.000E+00        0.000E+00        0.000E+00        0.000E+00        0.000E+00        0.000E+00        0.000E+00        0.000E+00        0.000E+00        6.574E-06        0.000E+00        0.000E+00
 248 1998        3.287E-01        0.000E+00        0.000E+00        0.000E+00        0.000E+00        0.000E+00        0.000E+00        0.000E+00        0.000E+00        0.000E+00        0.000E+00        0.000E+00        0.000E+00        0.000E+00        0.000E+00        0.000E+00        0.000E+00        6.574E-06        0.000E+00        0.000E+00
 249 1998        3.287E-01        0.000E+00        0.000E+00        0.000E+00        0.000E+00        0.000E+00        0.000E+00        0.000E+00        0.000E+00        0.000E+00        0.000E+00        0.000E+00        0.000E+00        0.000E+00        0.000E+00        0.000E+00        0.000E+00        6.574E-06        0.000E+00        0.000E+00
 250 1998        3.287E-01        0.000E+00        0.000E+00        0.000E+00        0.000E+00        0.000E+00        0.000E+00        0.000E+00        0.000E+00        0.000E+00        0.000E+00        0.000E+00        0.000E+00        0.000E+00        0.000E+00        0.000E+00        0.000E+00        6.574E-06        0.000E+00        0.000E+00
 251 1998        3.287E-01        0.000E+00        0.000E+00        0.000E+00        0.000E+00        0.000E+00        0.000E+00        0.000E+00        0.000E+00        0.000E+00        0.000E+00        0.000E+00        0.000E+00        0.000E+00        0.000E+00        0.000E+00        0.000E+00        6.574E-06        0.000E+00        0.000E+00
 252 1998        3.287E-01        0.000E+00        0.000E+00        0.000E+00        0.000E+00        0.000E+00        0.000E+00        0.000E+00        0.000E+00        0.000E+00        0.000E+00        0.000E+00        0.000E+00        0.000E+00        0.000E+00        0.000E+00        0.000E+00        6.574E-06        0.000E+00        0.000E+00
 253 1998        3.287E-01        0.000E+00        0.000E+00        0.000E+00        0.000E+00        0.000E+00        0.000E+00        0.000E+00        0.000E+00        0.000E+00        0.000E+00        0.000E+00        0.000E+00        0.000E+00        0.000E+00        0.000E+00        0.000E+00        6.574E-06        0.000E+00        0.000E+00
 254 1998        3.287E-01        0.000E+00        0.000E+00        0.000E+00        0.000E+00        0.000E+00        0.000E+00        0.000E+00        0.000E+00        0.000E+00        0.000E+00        0.000E+00        0.000E+00        0.000E+00        0.000E+00        0.000E+00        0.000E+00        6.574E-06        0.000E+00        0.000E+00
 255 1998        3.287E-01        0.000E+00        0.000E+00        0.000E+00        0.000E+00        0.000E+00        0.000E+00        0.000E+00        0.000E+00        0.000E+00        0.000E+00        0.000E+00        0.000E+00        0.000E+00        0.000E+00        0.000E+00        0.000E+00        6.574E-06        0.000E+00        0.000E+00
 256 1998        3.287E-01        0.000E+00        0.000E+00        0.000E+00        0.000E+00        0.000E+00        0.000E+00        0.000E+00        0.000E+00        0.000E+00        0.000E+00        0.000E+00        0.000E+00        0.000E+00        0.000E+00        0.000E+00        0.000E+00        6.574E-06        0.000E+00        0.000E+00
